11 
0 1 2 3 4 5 6 7 8 9 10
0 2 4 6 8 10 12 14 16 18 20
0 0 0 0 0 0 0 0 0 0 0
0 2 3 4 5 6 7 8 9 10 12
0 2 4 6 8 10 12 14 16 18 20
0 0 0 0 0 0 0 0 0 0 0
0 1 3 4 5 6 7 8 9 10 13
0 2 4 6 8 10 12 14 16 18 20
0 0 0 0 0 0 0 0 0 0 0
0 3 4 5 6 7 8 9 10 12 13
0 2 4 6 8 10 12 14 16 18 20
0 0 0 0 0 0 0 0 0 0 0
0 1 2 4 5 6 7 8 9 10 14
0 2 4 6 8 10 12 14 16 18 20
0 0 0 0 0 0 0 0 0 0 0
0 2 4 5 6 7 8 9 10 12 14
0 2 4 6 8 10 12 14 16 18 20
0 0 0 0 0 0 0 0 0 0 0
0 1 4 5 6 7 8 9 10 13 14
0 2 4 6 8 10 12 14 16 18 20
0 0 0 0 0 0 0 0 0 0 0
0 4 5 6 7 8 9 10 12 13 14
0 2 4 6 8 10 12 14 16 18 20
0 0 0 0 0 0 0 0 0 0 0
0 1 2 3 5 6 7 8 9 10 15
0 2 4 6 8 10 12 14 16 18 20
0 0 0 0 0 0 0 0 0 0 0
0 2 3 5 6 7 8 9 10 12 15
0 2 4 6 8 10 12 14 16 18 20
0 0 0 0 0 0 0 0 0 0 0
0 1 3 5 6 7 8 9 10 13 15
0 2 4 6 8 10 12 14 16 18 20
0 0 0 0 0 0 0 0 0 0 0
0 3 5 6 7 8 9 10 12 13 15
0 2 4 6 8 10 12 14 16 18 20
0 0 0 0 0 0 0 0 0 0 0
0 1 2 5 6 7 8 9 10 14 15
0 2 4 6 8 10 12 14 16 18 20
0 0 0 0 0 0 0 0 0 0 0
0 2 5 6 7 8 9 10 12 14 15
0 2 4 6 8 10 12 14 16 18 20
0 0 0 0 0 0 0 0 0 0 0
0 1 5 6 7 8 9 10 13 14 15
0 2 4 6 8 10 12 14 16 18 20
0 0 0 0 0 0 0 0 0 0 0
0 5 6 7 8 9 10 12 13 14 15
0 2 4 6 8 10 12 14 16 18 20
0 0 0 0 0 0 0 0 0 0 0
0 1 2 3 4 6 7 8 9 10 16
0 2 4 6 8 10 12 14 16 18 20
0 0 0 0 0 0 0 0 0 0 0
0 2 3 4 6 7 8 9 10 12 16
0 2 4 6 8 10 12 14 16 18 20
0 0 0 0 0 0 0 0 0 0 0
0 1 3 4 6 7 8 9 10 13 16
0 2 4 6 8 10 12 14 16 18 20
0 0 0 0 0 0 0 0 0 0 0
0
0
0
0 1
0 4
0 0
0 2
0 2
0 0
0 2
0 6
0 0
0 3
0 4
0 0
0 4
0 1
0 0
0 4
0 3
0 0
0 4
0 5
0 0
0 4
0 7
0 0
0 5
0 4
0 0
0 6
0 2
0 0
0 6
0 6
0 0
0 7
0 4
0 0
0 1 2 3
0 2 4 6
0 0 0 0
0 2 3 5
0 2 4 6
0 0 0 0
0 1 4 5
0 1 4 5
0 0 0 0
0 1 4 5
0 3 4 7
0 0 0 0
0 1 3 6
0 2 4 6
0 0 0 0
0 2 4 6
0 1 2 3
0 0 0 0
0 2 4 6
0 2 3 5
0 0 0 0
0 2 4 6
0 1 3 6
0 0 0 0
0 2 4 6
0 3 5 6
0 0 0 0
0 2 4 6
0 1 2 7
0 0 0 0
0 2 4 6
0 2 5 7
0 0 0 0
0 2 4 6
0 1 6 7
0 0 0 0
0 2 4 6
0 5 6 7
0 0 0 0
0 3 5 6
0 2 4 6
0 0 0 0
0 1 2 7
0 2 4 6
0 0 0 0
0 3 4 7
0 1 4 5
0 0 0 0
0 3 4 7
0 3 4 7
0 0 0 0
0 2 5 7
0 2 4 6
0 0 0 0
0 1 6 7
0 2 4 6
0 0 0 0
0 5 6 7
0 2 4 6
0 0 0 0
0
0
0
0 1
0 4
0 0
0 2
0 2
0 0
0 2
0 6
0 0
0 3
0 4
0 0
0 4
0 1
0 0
0 4
0 3
0 0
0 4
0 5
0 0
0 4
0 7
0 0
0 5
0 4
0 0
0 6
0 2
0 0
0 6
0 6
0 0
0 7
0 4
0 0
0 1 2 3
0 2 4 6
0 0 0 0
0 2 3 5
0 2 4 6
0 0 0 0
0 1 4 5
0 1 4 5
0 0 0 0
0 1 4 5
0 3 4 7
0 0 0 0
0 1 3 6
0 2 4 6
0 0 0 0
0 2 4 6
0 1 2 3
0 0 0 0
0 2 4 6
0 2 3 5
0 0 0 0
0 2 4 6
0 1 3 6
0 0 0 0
0 2 4 6
0 3 5 6
0 0 0 0
0 2 4 6
0 1 2 7
0 0 0 0
0 2 4 6
0 2 5 7
0 0 0 0
0 2 4 6
0 1 6 7
0 0 0 0
0 2 4 6
0 5 6 7
0 0 0 0
0 3 5 6
0 2 4 6
0 0 0 0
0 1 2 7
0 2 4 6
0 0 0 0
0 3 4 7
0 1 4 5
0 0 0 0
0 3 4 7
0 3 4 7
0 0 0 0
0 2 5 7
0 2 4 6
0 0 0 0
0 1 6 7
0 2 4 6
0 0 0 0
0 5 6 7
0 2 4 6
0 0 0 0
0
0
0
0 1
0 4
0 0
0 2
0 2
0 0
0 2
0 6
0 0
0 3
0 4
0 0
0 4
0 1
0 0
0 4
0 3
0 0
0 4
0 5
0 0
0 4
0 7
0 0
0 5
0 4
0 0
0 6
0 2
0 0
0 6
0 6
0 0
0 7
0 4
0 0
0 1 2 3
0 2 4 6
0 0 0 0
0 2 3 5
0 2 4 6
0 0 0 0
0 1 4 5
0 1 4 5
0 0 0 0
0 1 4 5
0 3 4 7
0 0 0 0
0 1 3 6
0 2 4 6
0 0 0 0
0 2 4 6
0 1 2 3
0 0 0 0
0 2 4 6
0 2 3 5
0 0 0 0
0 2 4 6
0 1 3 6
0 0 0 0
0 2 4 6
0 3 5 6
0 0 0 0
0 2 4 6
0 1 2 7
0 0 0 0
0 2 4 6
0 2 5 7
0 0 0 0
0 2 4 6
0 1 6 7
0 0 0 0
0 2 4 6
0 5 6 7
0 0 0 0
0 3 5 6
0 2 4 6
0 0 0 0
0 1 2 7
0 2 4 6
0 0 0 0
0 3 4 7
0 1 4 5
0 0 0 0
0 3 4 7
0 3 4 7
0 0 0 0
0 2 5 7
0 2 4 6
0 0 0 0
0 1 6 7
0 2 4 6
0 0 0 0
0 5 6 7
0 2 4 6
0 0 0 0
11 
0 1 2 3 4 5 6 7 8 9 10
0 2 4 6 8 10 12 14 16 18 20
0 0 0 0 0 0 0 0 0 0 0
