 0     2     4     5     7    10    12    15    17
     0     2     4     6     8    10    12    14    16
     0     0     0     0     0     0     0     0     0
     0     1     4     5     7    11    12    15    17
     0     2     4     6     8    10    12    14    16
     0     0     0     0     0     0     0     0     0
     0     4     5     7    10    11    12    15    17
     0     2     4     6     8    10    12    14    16
     0     0     0     0     0     0     0     0     0
     0     1     2     3     5     7    13    15    17
     0     2     4     6     8    10    12    14    16
     0     0     0     0     0     0     0     0     0
     0     2     3     5     7    10    13    15    17
     0     2     4     6     8    10    12    14    16
     0     0     0     0     0     0     0     0     0
     0     1     3     5     7    11    13    15    17
     0     2     4     6     8    10    12    14    16
     0     0     0     0     0     0     0     0     0
     0     3     5     7    10    11    13    15    17
     0     2     4     6     8    10    12    14    16
     0     0     0     0     0     0     0     0     0
     0     1     2     5     7    12    13    15    17
     0     2     4     6     8    10    12    14    16
     0     0     0     0     0     0     0     0     0
     0     2     5     7    10    12    13    15    17
     0     2     4     6     8    10    12    14    16
     0     0     0     0     0     0     0     0     0
     0     1     5     7    11    12    13    15    17
     0     2     4     6     8    10    12    14    16
     0     0     0     0     0     0     0     0     0
     0     5     7    10    11    12    13    15    17
     0     2     4     6     8    10    12    14    16
     0     0     0     0     0     0     0     0     0
     0     1     2     3     4     7    14    15    17
     0     2     4     6     8    10    12    14    16
     0     0     0     0     0     0     0     0     0
     0     2     3     4     7    10    14    15    17
     0     2     4     6     8    10    12    14    16
     0     0     0     0     0     0     0     0     0
     0     1     3     4     7    11    14    15    17
     0     2     4     6     8    10    12    14    16
     0     0     0     0     0     0     0     0     0
     0     3     4     7    10    11    14    15    17
     0     2     4     6     8    10    12    14    16
     0     0     0     0     0     0     0     0     0
     0     1     2     4     7    12    14    15    17
     0     2     4     6     8    10    12    14    16
     0     0     0     0     0     0     0     0     0
     0     2     4     7    10    12    14    15    17
     0     2     4     6     8    10    12    14    16
     0     0     0     0     0     0     0     0     0
     0     1     4     7    11    12    14    15    17
     0     2     4     6     8    10    12    14    16
     0     0     0     0     0     0     0     0     0
     0     4     7    10    11    12    14    15    17
     0     2     4     6     8    10    12    14    16
     0     0     0     0     0     0     0     0     0
     0     1     2     3     7    13    14    15    17
     0     2     4     6     8    10    12    14    16
     0     0     0     0     0     0     0     0     0
     0     2     3     7    10    13    14    15    17
     0     2     4     6     8    10    12    14    16
     0     0     0     0     0     0     0     0     0
     0     1     3     7    11    13    14    15    17
     0     2     4     6     8    10    12    14    16
     0     0     0     0     0     0     0     0     0
     0     3     7    10    11    13    14    15    17
     0     2     4     6     8    10    12    14    16
     0     0     0     0     0     0     0     0     0
     0     1     2     7    12    13    14    15    17
     0     2     4     6     8    10    12    14    16
     0     0     0     0     0     0     0     0     0
     0     2     7    10    12    13    14    15    17
     0     2     4     6     8    10    12    14    16
     0     0     0     0     0     0     0     0     0
     0     1     7    11    12    13    14    15    17
     0     2     4     6     8    10    12    14    16
     0     0     0     0     0     0     0     0     0
     0     7    10    11    12    13    14    15    17
     0     2     4     6     8    10    12    14    16
     0     0     0     0     0     0     0     0     0
     0     1     2     3     4     5     6    16    17
     0     2     4     6     8    10    12    14    16
     0     0     0     0     0     0     0     0     0
     0     2     3     4     5     6    10    16    17
     0     2     4     6     8    10    12    14    16
     0     0     0     0     0     0     0     0     0
     0     1     3     4     5     6    11    16    17
     0     2     4     6     8    10    12    14    16
     0     0     0     0     0     0     0     0     0
     0     3     4     5     6    10    11    16    17
     0     2     4     6     8    10    12    14    16
     0     0     0     0     0     0     0     0     0
     0     1     2     4     5     6    12    16    17
     0     2     4     6     8    10    12    14    16
     0     0     0     0     0     0     0     0     0
     0     2     4     5     6    10    12    16    17
     0     2     4     6     8    10    12    14    16
     0     0     0     0     0     0     0     0     0
     0     1     4     5     6    11    12    16    17
     0     2     4     6     8    10    12    14    16
     0     0     0     0     0     0     0     0     0
     0     4     5     6    10    11    12    16    17
     0     1     2     6     7     8    12    13    14
     0     0     0     0     0     0     0     0     0
     0     4     5     6    10    11    12    16    17
     0     2     4     6     8    10    12    14    16
     0     0     0     0     0     0     0     0     0
     0     4     5     6    10    11    12    16    17
     0     1     5     6     7    11    12    13    17
     0     0     0     0     0     0     0     0     0
     0     4     5     6    10    11    12    16    17
     0     4     5     6    10    11    12    16    17
     0     0     0     0     0     0     0     0     0
     0     1     2     3     5     6    13    16    17
     0     2     4     6     8    10    12    14    16
     0     0     0     0     0     0     0     0     0
     0     2     3     5     6    10    13    16    17
     0     2     4     6     8    10    12    14    16
     0     0     0     0     0     0     0     0     0
     0     1     3     5     6    11    13    16    17
     0     2     4     6     8    10    12    14    16
     0     0     0     0     0     0     0     0     0
     0     3     5     6    10    11    13    16    17
     0     2     4     6     8    10    12    14    16
     0     0     0     0     0     0     0     0     0
     0     1     2     5     6    12    13    16    17
     0     2     4     6     8    10    12    14    16
     0     0     0     0     0     0     0     0     0
     0     2     5     6    10    12    13    16    17
     0     2     4     6     8    10    12    14    16
     0     0     0     0     0     0     0     0     0
     0     1     5     6    11    12    13    16    17
     0     2     4     6     8    10    12    14    16
     0     0     0     0     0     0     0     0     0
     0     5     6    10    11    12    13    16    17
     0     2     4     6     8    10    12    14    16
     0     0     0     0     0     0     0     0     0
     0     1     2     3     4     6    14    16    17
     0     2     4     6     8    10    12    14    16
     0     0     0     0     0     0     0     0     0
     0     2     3     4     6    10    14    16    17
     0     2     4     6     8    10    12    14    16
     0     0     0     0     0     0     0     0     0
     0     1     3     4     6    11    14    16    17
     0     2     4     6     8    10    12    14    16
     0     0     0     0     0     0     0     0     0
     0     3     4     6    10    11    14    16    17
     0     2     4     6     8    10    12    14    16
     0     0     0     0     0     0     0     0     0
     0     1     2     4     6    12    14    16    17
     0     2     4     6     8    10    12    14    16
     0     0     0     0     0     0     0     0     0
     0     2     4     6    10    12    14    16    17
     0     2     4     6     8    10    12    14    16
     0     0     0     0     0     0     0     0     0
     0     1     4     6    11    12    14    16    17
     0     2     4     6     8    10    12    14    16
     0     0     0     0     0     0     0     0     0
     0     4     6    10    11    12    14    16    17
     0     2     4     6     8    10    12    14    16
     0     0     0     0     0     0     0     0     0
     0     1     2     3     6    13    14    16    17
     0     2     4     6     8    10    12    14    16
     0     0     0     0     0     0     0     0     0
     0     2     3     6    10    13    14    16    17
     0     2     4     6     8    10    12    14    16
     0     0     0     0     0     0     0     0     0
     0     1     3     6    11    13    14    16    17
     0     2     4     6     8    10    12    14    16
     0     0     0     0     0     0     0     0     0
     0     3     6    10    11    13    14    16    17
     0     2     4     6     8    10    12    14    16
     0     0     0     0     0     0     0     0     0
     0     1     2     6    12    13    14    16    17
     0     2     4     6     8    10    12    14    16
     0     0     0     0     0     0     0     0     0
     0     2     6    10    12    13    14    16    17
     0     2     4     6     8    10    12    14    16
     0     0     0     0     0     0     0     0     0
     0     1     6    11    12    13    14    16    17
     0     2     4     6     8    10    12    14    16
     0     0     0     0     0     0     0     0     0
     0     6    10    11    12    13    14    16    17
     0     2     4     6     8    10    12    14    16
     0     0     0     0     0     0     0     0     0
     0     1     2     3     4     5    15    16    17
     0     2     4     6     8    10    12    14    16
     0     0     0     0     0     0     0     0     0
     0     2     3     4     5    10    15    16    17
     0     2     4     6     8    10    12    14    16
     0     0     0     0     0     0     0     0     0
     0     1     3     4     5    11    15    16    17
     0     2     4     6     8    10    12    14    16
     0     0     0     0     0     0     0     0     0
     0     3     4     5    10    11    15    16    17
     0     2     4     6     8    10    12    14    16
     0     0     0     0     0     0     0     0     0
     0     1     2     4     5    12    15    16    17
     0     2     4     6     8    10    12    14    16
     0     0     0     0     0     0     0     0     0
     0     2     4     5    10    12    15    16    17
     0     2     4     6     8    10    12    14    16
     0     0     0     0     0     0     0     0     0
     0     1     4     5    11    12    15    16    17
     0     2     4     6     8    10    12    14    16
     0     0     0     0     0     0     0     0     0
     0     4     5    10    11    12    15    16    17
     0     2     4     6     8    10    12    14    16
     0     0     0     0     0     0     0     0     0
     0     1     2     3     5    13    15    16    17
     0     2     4     6     8    10    12    14    16
     0     0     0     0     0     0     0     0     0
     0     2     3     5    10    13    15    16    17
     0     2     4     6     8    10    12    14    16
     0     0     0     0     0     0     0     0     0
     0     1     3     5    11    13    15    16    17
     0     2     4     6     8    10    12    14    16
     0     0     0     0     0     0     0     0     0
     0     3     5    10    11    13    15    16    17
     0     2     4     6     8    10    12    14    16
     0     0     0     0     0     0     0     0     0
     0     1     2     5    12    13    15    16    17
     0     2     4     6     8    10    12    14    16
     0     0     0     0     0     0     0     0     0
     0     2     5    10    12    13    15    16    17
     0     2     4     6     8    10    12    14    16
     0     0     0     0     0     0     0     0     0
     0     1     5    11    12    13    15    16    17
     0     2     4     6     8    10    12    14    16
     0     0     0     0     0     0     0     0     0
     0     5    10    11    12    13    15    16    17
     0     2     4     6     8    10    12    14    16
     0     0     0     0     0     0     0     0     0
     0     1     2     3     4    14    15    16    17
     0     2     4     6     8    10    12    14    16
     0     0     0     0     0     0     0     0     0
     0     2     3     4    10    14    15    16    17
     0     2     4     6     8    10    12    14    16
     0     0     0     0     0     0     0     0     0
     0     1     3     4    11    14    15    16    17
     0     2     4     6     8    10    12    14    16
     0     0     0     0     0     0     0     0     0
     0     3     4    10    11    14    15    16    17
     0     2     4     6     8    10    12    14    16
     0     0     0     0     0     0     0     0     0
     0     1     2     4    12    14    15    16    17
     0     2     4     6     8    10    12    14    16
     0     0     0     0     0     0     0     0     0
     0     2     4    10    12    14    15    16    17
     0     2     4     6     8    10    12    14    16
     0     0     0     0     0     0     0     0     0
     0     1     4    11    12    14    15    16    17
     0     2     4     6     8    10    12    14    16
     0     0     0     0     0     0     0     0     0
     0     4    10    11    12    14    15    16    17
     0     2     4     6     8    10    12    14    16
     0     0     0     0     0     0     0     0     0
     0     1     2     3    13    14    15    16    17
     0     2     4     6     8    10    12    14    16
     0     0     0     0     0     0     0     0     0
     0     2     3    10    13    14    15    16    17
     0     2     4     6     8    10    12    14    16
     0     0     0     0     0     0     0     0     0
     0     1     3    11    13    14    15    16    17
     0     2     4     6     8    10    12    14    16
     0     0     0     0     0     0     0     0     0
     0     3    10    11    13    14    15    16    17
     0     2     4     6     8    10    12    14    16
     0     0     0     0     0     0     0     0     0
     0     1     2    12    13    14    15    16    17
     0     2     4     6     8    10    12    14    16
     0     0     0     0     0     0     0     0     0
     0     2    10    12    13    14    15    16    17
     0     2     4     6     8    10    12    14    16
     0     0     0     0     0     0     0     0     0
     0     1    11    12    13    14    15    16    17
     0     2     4     6     8    10    12    14    16
     0     0     0     0     0     0     0     0     0
     0    10    11    12    13    14    15    16    17
     0     2     4     6     8    10    12    14    16
     0     0     0     0     0     0     0     0     0