
	Classroom License -- for classroom instructional use only.

>> HopesAndDreams
>> HopesAndDreams

NumberOfCombos =

     0


Q =

     []


NumberOfCombos =

     0


Q =

     []


BigArray =

    14    13    12    11    10     9     8     7     6     5
    14    13    11    10     8     7     5     4     2     1
     0     0     0     0     0     0     0     0     0     0


BigArray =

    14    13    12    11    10     9     8     7     5     1
    14    13    11    10     8     7     5     4     2     1
     0     0     0     0     0     0     0     0     0     0


BigArray =

    14    13    12    11    10     9     8     6     5     2
    14    13    11    10     8     7     5     4     2     1
     0     0     0     0     0     0     0     0     0     0


BigArray =

    14    13    12    11    10     9     8     5     2     1
    14    13    11    10     8     7     5     4     2     1
     0     0     0     0     0     0     0     0     0     0


BigArray =

    14    13    12    11    10     9     7     6     5     3
    14    13    11    10     8     7     5     4     2     1
     0     0     0     0     0     0     0     0     0     0


BigArray =

    14    13    12    11    10     9     7     5     3     1
    14    13    11    10     8     7     5     4     2     1
     0     0     0     0     0     0     0     0     0     0


BigArray =

    14    13    12    11    10     9     6     5     3     2
    14    13    11    10     8     7     5     4     2     1
     0     0     0     0     0     0     0     0     0     0


BigArray =

    14    13    12    11    10     9     5     3     2     1
    14    13    11    10     8     7     5     4     2     1
     0     0     0     0     0     0     0     0     0     0


BigArray =

    14    13    12    11    10     8     7     6     5     4
    14    13    11    10     8     7     5     4     2     1
     0     0     0     0     0     0     0     0     0     0


BigArray =

    14    13    12    11    10     8     7     5     4     1
    14    13    11    10     8     7     5     4     2     1
     0     0     0     0     0     0     0     0     0     0


BigArray =

    14    13    12    11    10     8     6     5     4     2
    14    13    11    10     8     7     5     4     2     1
     0     0     0     0     0     0     0     0     0     0


BigArray =

    14    13    12    11    10     8     5     4     2     1
    14    13    11    10     8     7     5     4     2     1
     0     0     0     0     0     0     0     0     0     0


BigArray =

    14    13    12    11    10     7     6     5     4     3
    14    13    11    10     8     7     5     4     2     1
     0     0     0     0     0     0     0     0     0     0


BigArray =

    14    13    12    11    10     7     5     4     3     1
    14    13    11    10     8     7     5     4     2     1
     0     0     0     0     0     0     0     0     0     0


BigArray =

    14    13    12    11    10     6     5     4     3     2
    14    13    11    10     8     7     5     4     2     1
     0     0     0     0     0     0     0     0     0     0


BigArray =

    14    13    12    11    10     5     4     3     2     1
    14    13    11    10     8     7     5     4     2     1
     0     0     0     0     0     0     0     0     0     0


BigArray =

    14    13    12    10     9     8     7     6     5     1
    14    13    11    10     8     7     5     4     2     1
     0     0     0     0     0     0     0     0     0     0


BigArray =

    14    13    12    10     9     8     6     5     2     1
    14    13    11    10     8     7     5     4     2     1
     0     0     0     0     0     0     0     0     0     0


BigArray =

    14    13    12    10     9     7     6     5     3     1
    14    13    11    10     8     7     5     4     2     1
     0     0     0     0     0     0     0     0     0     0


BigArray =

    14    13    12    10     9     6     5     3     2     1
    14    13    11    10     8     7     5     4     2     1
     0     0     0     0     0     0     0     0     0     0


BigArray =

    14    13    12    10     8     7     6     5     4     1
    14    13    11    10     8     7     5     4     2     1
     0     0     0     0     0     0     0     0     0     0


BigArray =

    14    13    12    10     8     6     5     4     2     1
    14    13    11    10     8     7     5     4     2     1
     0     0     0     0     0     0     0     0     0     0


BigArray =

    14    13    12    10     7     6     5     4     3     1
    14    13    11    10     8     7     5     4     2     1
     0     0     0     0     0     0     0     0     0     0


BigArray =

    14    13    12    10     6     5     4     3     2     1
    14    13    11    10     8     7     5     4     2     1
     0     0     0     0     0     0     0     0     0     0


BigArray =

    14    13    11    10     9     8     7     6     5     2
    14    13    11    10     8     7     5     4     2     1
     0     0     0     0     0     0     0     0     0     0


BigArray =

    14    13    11    10     9     8     7     5     2     1
    14    13    11    10     8     7     5     4     2     1
     0     0     0     0     0     0     0     0     0     0


BigArray =

    14    13    11    10     9     7     6     5     3     2
    14    13    11    10     8     7     5     4     2     1
     0     0     0     0     0     0     0     0     0     0


BigArray =

    14    13    11    10     9     7     5     3     2     1
    14    13    11    10     8     7     5     4     2     1
     0     0     0     0     0     0     0     0     0     0


BigArray =

    14    13    11    10     8     7     6     5     4     2
    14    13    11    10     8     7     5     4     2     1
     0     0     0     0     0     0     0     0     0     0


BigArray =

    14    13    11    10     8     7     5     4     2     1
    14    13    12    11    10     9     8     7     6     5
     0     0     0     0     0     0     0     0     0     0


BigArray =

    14    13    11    10     8     7     5     4     2     1
    14    13    12    11    10     9     8     7     5     1
     0     0     0     0     0     0     0     0     0     0


BigArray =

    14    13    11    10     8     7     5     4     2     1
    14    13    12    11    10     9     8     6     5     2
     0     0     0     0     0     0     0     0     0     0


BigArray =

    14    13    11    10     8     7     5     4     2     1
    14    13    12    11    10     9     8     5     2     1
     0     0     0     0     0     0     0     0     0     0


BigArray =

    14    13    11    10     8     7     5     4     2     1
    14    13    12    11    10     9     7     6     5     3
     0     0     0     0     0     0     0     0     0     0


BigArray =

    14    13    11    10     8     7     5     4     2     1
    14    13    12    11    10     9     7     5     3     1
     0     0     0     0     0     0     0     0     0     0


BigArray =

    14    13    11    10     8     7     5     4     2     1
    14    13    12    11    10     9     6     5     3     2
     0     0     0     0     0     0     0     0     0     0


BigArray =

    14    13    11    10     8     7     5     4     2     1
    14    13    12    11    10     9     5     3     2     1
     0     0     0     0     0     0     0     0     0     0


BigArray =

    14    13    11    10     8     7     5     4     2     1
    14    13    12    11    10     8     7     6     5     4
     0     0     0     0     0     0     0     0     0     0


BigArray =

    14    13    11    10     8     7     5     4     2     1
    14    13    12    11    10     8     7     5     4     1
     0     0     0     0     0     0     0     0     0     0


BigArray =

    14    13    11    10     8     7     5     4     2     1
    14    13    12    11    10     8     6     5     4     2
     0     0     0     0     0     0     0     0     0     0


BigArray =

    14    13    11    10     8     7     5     4     2     1
    14    13    12    11    10     8     5     4     2     1
     0     0     0     0     0     0     0     0     0     0


BigArray =

    14    13    11    10     8     7     5     4     2     1
    14    13    12    11    10     7     6     5     4     3
     0     0     0     0     0     0     0     0     0     0


BigArray =

    14    13    11    10     8     7     5     4     2     1
    14    13    12    11    10     7     5     4     3     1
     0     0     0     0     0     0     0     0     0     0


BigArray =

    14    13    11    10     8     7     5     4     2     1
    14    13    12    11    10     6     5     4     3     2
     0     0     0     0     0     0     0     0     0     0


BigArray =

    14    13    11    10     8     7     5     4     2     1
    14    13    12    11    10     5     4     3     2     1
     0     0     0     0     0     0     0     0     0     0


BigArray =

    14    13    11    10     8     7     5     4     2     1
    14    13    12    10     9     8     7     6     5     1
     0     0     0     0     0     0     0     0     0     0


BigArray =

    14    13    11    10     8     7     5     4     2     1
    14    13    12    10     9     8     6     5     2     1
     0     0     0     0     0     0     0     0     0     0


BigArray =

    14    13    11    10     8     7     5     4     2     1
    14    13    12    10     9     7     6     5     3     1
     0     0     0     0     0     0     0     0     0     0


BigArray =

    14    13    11    10     8     7     5     4     2     1
    14    13    12    10     9     6     5     3     2     1
     0     0     0     0     0     0     0     0     0     0


BigArray =

    14    13    11    10     8     7     5     4     2     1
    14    13    12    10     8     7     6     5     4     1
     0     0     0     0     0     0     0     0     0     0


BigArray =

    14    13    11    10     8     7     5     4     2     1
    14    13    12    10     8     6     5     4     2     1
     0     0     0     0     0     0     0     0     0     0


BigArray =

    14    13    11    10     8     7     5     4     2     1
    14    13    12    10     7     6     5     4     3     1
     0     0     0     0     0     0     0     0     0     0


BigArray =

    14    13    11    10     8     7     5     4     2     1
    14    13    12    10     6     5     4     3     2     1
     0     0     0     0     0     0     0     0     0     0


BigArray =

    14    13    11    10     8     7     5     4     2     1
    14    13    11    10     9     8     7     6     5     2
     0     0     0     0     0     0     0     0     0     0


BigArray =

    14    13    11    10     8     7     5     4     2     1
    14    13    11    10     9     8     7     5     2     1
     0     0     0     0     0     0     0     0     0     0


BigArray =

    14    13    11    10     8     7     5     4     2     1
    14    13    11    10     9     7     6     5     3     2
     0     0     0     0     0     0     0     0     0     0


BigArray =

    14    13    11    10     8     7     5     4     2     1
    14    13    11    10     9     7     5     3     2     1
     0     0     0     0     0     0     0     0     0     0


BigArray =

    14    13    11    10     8     7     5     4     2     1
    14    13    11    10     8     7     6     5     4     2
     0     0     0     0     0     0     0     0     0     0


BigArray =

    14    13    11    10     8     7     5     4     2     1
    14    13    11    10     8     7     5     4     2     1
     0     0     0     0     0     0     0     0     0     0


BigArray =

    14    13    11    10     8     7     5     4     2     1
    14    13    11    10     7     6     5     4     3     2
     0     0     0     0     0     0     0     0     0     0


BigArray =

    14    13    11    10     8     7     5     4     2     1
    14    13    11    10     7     5     4     3     2     1
     0     0     0     0     0     0     0     0     0     0


BigArray =

    14    13    11    10     8     7     5     4     2     1
    14    13    10     9     8     7     6     5     2     1
     0     0     0     0     0     0     0     0     0     0


BigArray =

    14    13    11    10     8     7     5     4     2     1
    14    13    10     9     7     6     5     3     2     1
     0     0     0     0     0     0     0     0     0     0


BigArray =

    14    13    11    10     8     7     5     4     2     1
    14    13    10     8     7     6     5     4     2     1
     0     0     0     0     0     0     0     0     0     0


BigArray =

    14    13    11    10     8     7     5     4     2     1
    14    13    10     7     6     5     4     3     2     1
     0     0     0     0     0     0     0     0     0     0


BigArray =

    14    13    11    10     8     7     5     4     2     1
    14    12    11    10     9     8     7     6     5     3
     0     0     0     0     0     0     0     0     0     0


BigArray =

    14    13    11    10     8     7     5     4     2     1
    14    12    11    10     9     8     7     5     3     1
     0     0     0     0     0     0     0     0     0     0


BigArray =

    14    13    11    10     8     7     5     4     2     1
    14    12    11    10     9     8     6     5     3     2
     0     0     0     0     0     0     0     0     0     0


BigArray =

    14    13    11    10     8     7     5     4     2     1
    14    12    11    10     9     8     5     3     2     1
     0     0     0     0     0     0     0     0     0     0


BigArray =

    14    13    11    10     8     7     5     4     2     1
    14    12    11    10     8     7     6     5     4     3
     0     0     0     0     0     0     0     0     0     0


BigArray =

    14    13    11    10     8     7     5     4     2     1
    14    12    11    10     8     7     5     4     3     1
     0     0     0     0     0     0     0     0     0     0


BigArray =

    14    13    11    10     8     7     5     4     2     1
    14    12    11    10     8     6     5     4     3     2
     0     0     0     0     0     0     0     0     0     0


BigArray =

    14    13    11    10     8     7     5     4     2     1
    14    12    11    10     8     5     4     3     2     1
     0     0     0     0     0     0     0     0     0     0


BigArray =

    14    13    11    10     8     7     5     4     2     1
    14    12    10     9     8     7     6     5     3     1
     0     0     0     0     0     0     0     0     0     0


BigArray =

    14    13    11    10     8     7     5     4     2     1
    14    12    10     9     8     6     5     3     2     1
     0     0     0     0     0     0     0     0     0     0


BigArray =

    14    13    11    10     8     7     5     4     2     1
    14    12    10     8     7     6     5     4     3     1
     0     0     0     0     0     0     0     0     0     0


BigArray =

    14    13    11    10     8     7     5     4     2     1
    14    12    10     8     6     5     4     3     2     1
     0     0     0     0     0     0     0     0     0     0


BigArray =

    14    13    11    10     8     7     5     4     2     1
    14    11    10     9     8     7     6     5     3     2
     0     0     0     0     0     0     0     0     0     0


BigArray =

    14    13    11    10     8     7     5     4     2     1
    14    11    10     9     8     7     5     3     2     1
     0     0     0     0     0     0     0     0     0     0


BigArray =

    14    13    11    10     8     7     5     4     2     1
    14    11    10     8     7     6     5     4     3     2
     0     0     0     0     0     0     0     0     0     0


BigArray =

    14    13    11    10     8     7     5     4     2     1
    14    11    10     8     7     5     4     3     2     1
     0     0     0     0     0     0     0     0     0     0


BigArray =

    14    13    11    10     8     7     5     4     2     1
    14    10     9     8     7     6     5     3     2     1
     0     0     0     0     0     0     0     0     0     0


BigArray =

    14    13    11    10     8     7     5     4     2     1
    14    10     8     7     6     5     4     3     2     1
     0     0     0     0     0     0     0     0     0     0


BigArray =

    14    13    11    10     8     7     5     4     2     1
    13    12    11    10     9     8     7     6     5     4
     0     0     0     0     0     0     0     0     0     0


BigArray =

    14    13    11    10     8     7     5     4     2     1
    13    12    11    10     9     8     7     5     4     1
     0     0     0     0     0     0     0     0     0     0


BigArray =

    14    13    11    10     8     7     5     4     2     1
    13    12    11    10     9     8     6     5     4     2
     0     0     0     0     0     0     0     0     0     0


BigArray =

    14    13    11    10     8     7     5     4     2     1
    13    12    11    10     9     8     5     4     2     1
     0     0     0     0     0     0     0     0     0     0


BigArray =

    14    13    11    10     8     7     5     4     2     1
    13    12    11    10     9     7     6     5     4     3
     0     0     0     0     0     0     0     0     0     0


BigArray =

    14    13    11    10     8     7     5     4     2     1
    13    12    11    10     9     7     5     4     3     1
     0     0     0     0     0     0     0     0     0     0


BigArray =

    14    13    11    10     8     7     5     4     2     1
    13    12    11    10     9     6     5     4     3     2
     0     0     0     0     0     0     0     0     0     0


BigArray =

    14    13    11    10     8     7     5     4     2     1
    13    12    11    10     9     5     4     3     2     1
     0     0     0     0     0     0     0     0     0     0


BigArray =

    14    13    11    10     8     7     5     4     2     1
    13    12    10     9     8     7     6     5     4     1
     0     0     0     0     0     0     0     0     0     0


BigArray =

    14    13    11    10     8     7     5     4     2     1
    13    12    10     9     8     6     5     4     2     1
     0     0     0     0     0     0     0     0     0     0


BigArray =

    14    13    11    10     8     7     5     4     2     1
    13    12    10     9     7     6     5     4     3     1
     0     0     0     0     0     0     0     0     0     0


BigArray =

    14    13    11    10     8     7     5     4     2     1
    13    12    10     9     6     5     4     3     2     1
     0     0     0     0     0     0     0     0     0     0


BigArray =

    14    13    11    10     8     7     5     4     2     1
    13    11    10     9     8     7     6     5     4     2
     0     0     0     0     0     0     0     0     0     0


BigArray =

    14    13    11    10     8     7     5     4     2     1
    13    11    10     9     8     7     5     4     2     1
     0     0     0     0     0     0     0     0     0     0


BigArray =

    14    13    11    10     8     7     5     4     2     1
    13    11    10     9     7     6     5     4     3     2
     0     0     0     0     0     0     0     0     0     0


BigArray =

    14    13    11    10     8     7     5     4     2     1
    13    11    10     9     7     5     4     3     2     1
     0     0     0     0     0     0     0     0     0     0


BigArray =

    14    13    11    10     8     7     5     4     2     1
    13    10     9     8     7     6     5     4     2     1
     0     0     0     0     0     0     0     0     0     0


BigArray =

    14    13    11    10     8     7     5     4     2     1
    13    10     9     7     6     5     4     3     2     1
     0     0     0     0     0     0     0     0     0     0


BigArray =

    14    13    11    10     8     7     5     4     2     1
    12    11    10     9     8     7     6     5     4     3
     0     0     0     0     0     0     0     0     0     0


BigArray =

    14    13    11    10     8     7     5     4     2     1
    12    11    10     9     8     7     5     4     3     1
     0     0     0     0     0     0     0     0     0     0


BigArray =

    14    13    11    10     8     7     5     4     2     1
    12    11    10     9     8     6     5     4     3     2
     0     0     0     0     0     0     0     0     0     0


BigArray =

    14    13    11    10     8     7     5     4     2     1
    12    11    10     9     8     5     4     3     2     1
     0     0     0     0     0     0     0     0     0     0


BigArray =

    14    13    11    10     8     7     5     4     2     1
    12    10     9     8     7     6     5     4     3     1
     0     0     0     0     0     0     0     0     0     0


BigArray =

    14    13    11    10     8     7     5     4     2     1
    12    10     9     8     6     5     4     3     2     1
     0     0     0     0     0     0     0     0     0     0


BigArray =

    14    13    11    10     8     7     5     4     2     1
    11    10     9     8     7     6     5     4     3     2
     0     0     0     0     0     0     0     0     0     0


BigArray =

    14    13    11    10     8     7     5     4     2     1
    11    10     9     8     7     5     4     3     2     1
     0     0     0     0     0     0     0     0     0     0


BigArray =

    14    13    11    10     8     7     5     4     2     1
    10     9     8     7     6     5     4     3     2     1
     0     0     0     0     0     0     0     0     0     0


BigArray =

    14    13    11    10     7     6     5     4     3     2
    14    13    11    10     8     7     5     4     2     1
     0     0     0     0     0     0     0     0     0     0


BigArray =

    14    13    11    10     7     5     4     3     2     1
    14    13    11    10     8     7     5     4     2     1
     0     0     0     0     0     0     0     0     0     0


BigArray =

    14    13    10     9     8     7     6     5     2     1
    14    13    11    10     8     7     5     4     2     1
     0     0     0     0     0     0     0     0     0     0


BigArray =

    14    13    10     9     7     6     5     3     2     1
    14    13    11    10     8     7     5     4     2     1
     0     0     0     0     0     0     0     0     0     0


BigArray =

    14    13    10     8     7     6     5     4     2     1
    14    13    11    10     8     7     5     4     2     1
     0     0     0     0     0     0     0     0     0     0


BigArray =

    14    13    10     7     6     5     4     3     2     1
    14    13    11    10     8     7     5     4     2     1
     0     0     0     0     0     0     0     0     0     0


BigArray =

    14    12    11    10     9     8     7     6     5     3
    14    13    11    10     8     7     5     4     2     1
     0     0     0     0     0     0     0     0     0     0


BigArray =

    14    12    11    10     9     8     7     5     3     1
    14    13    11    10     8     7     5     4     2     1
     0     0     0     0     0     0     0     0     0     0


BigArray =

    14    12    11    10     9     8     6     5     3     2
    14    13    11    10     8     7     5     4     2     1
     0     0     0     0     0     0     0     0     0     0


BigArray =

    14    12    11    10     9     8     5     3     2     1
    14    13    11    10     8     7     5     4     2     1
     0     0     0     0     0     0     0     0     0     0


BigArray =

    14    12    11    10     8     7     6     5     4     3
    14    13    11    10     8     7     5     4     2     1
     0     0     0     0     0     0     0     0     0     0


BigArray =

    14    12    11    10     8     7     5     4     3     1
    14    13    11    10     8     7     5     4     2     1
     0     0     0     0     0     0     0     0     0     0


BigArray =

    14    12    11    10     8     6     5     4     3     2
    14    13    11    10     8     7     5     4     2     1
     0     0     0     0     0     0     0     0     0     0


BigArray =

    14    12    11    10     8     5     4     3     2     1
    14    13    11    10     8     7     5     4     2     1
     0     0     0     0     0     0     0     0     0     0


BigArray =

    14    12    10     9     8     7     6     5     3     1
    14    13    11    10     8     7     5     4     2     1
     0     0     0     0     0     0     0     0     0     0


BigArray =

    14    12    10     9     8     6     5     3     2     1
    14    13    11    10     8     7     5     4     2     1
     0     0     0     0     0     0     0     0     0     0


BigArray =

    14    12    10     8     7     6     5     4     3     1
    14    13    11    10     8     7     5     4     2     1
     0     0     0     0     0     0     0     0     0     0


BigArray =

    14    12    10     8     6     5     4     3     2     1
    14    13    11    10     8     7     5     4     2     1
     0     0     0     0     0     0     0     0     0     0


BigArray =

    14    11    10     9     8     7     6     5     3     2
    14    13    11    10     8     7     5     4     2     1
     0     0     0     0     0     0     0     0     0     0


BigArray =

    14    11    10     9     8     7     5     3     2     1
    14    13    11    10     8     7     5     4     2     1
     0     0     0     0     0     0     0     0     0     0


BigArray =

    14    11    10     8     7     6     5     4     3     2
    14    13    11    10     8     7     5     4     2     1
     0     0     0     0     0     0     0     0     0     0


BigArray =

    14    11    10     8     7     5     4     3     2     1
    14    13    11    10     8     7     5     4     2     1
     0     0     0     0     0     0     0     0     0     0


BigArray =

    14    10     9     8     7     6     5     3     2     1
    14    13    11    10     8     7     5     4     2     1
     0     0     0     0     0     0     0     0     0     0


BigArray =

    14    10     8     7     6     5     4     3     2     1
    14    13    11    10     8     7     5     4     2     1
     0     0     0     0     0     0     0     0     0     0


BigArray =

    13    12    11    10     9     8     7     6     5     4
    14    13    11    10     8     7     5     4     2     1
     0     0     0     0     0     0     0     0     0     0


BigArray =

    13    12    11    10     9     8     7     5     4     1
    14    13    11    10     8     7     5     4     2     1
     0     0     0     0     0     0     0     0     0     0


BigArray =

    13    12    11    10     9     8     6     5     4     2
    14    13    11    10     8     7     5     4     2     1
     0     0     0     0     0     0     0     0     0     0


BigArray =

    13    12    11    10     9     8     5     4     2     1
    14    13    11    10     8     7     5     4     2     1
     0     0     0     0     0     0     0     0     0     0


BigArray =

    13    12    11    10     9     7     6     5     4     3
    14    13    11    10     8     7     5     4     2     1
     0     0     0     0     0     0     0     0     0     0


BigArray =

    13    12    11    10     9     7     5     4     3     1
    14    13    11    10     8     7     5     4     2     1
     0     0     0     0     0     0     0     0     0     0


BigArray =

    13    12    11    10     9     6     5     4     3     2
    14    13    11    10     8     7     5     4     2     1
     0     0     0     0     0     0     0     0     0     0


BigArray =

    13    12    11    10     9     5     4     3     2     1
    14    13    11    10     8     7     5     4     2     1
     0     0     0     0     0     0     0     0     0     0


BigArray =

    13    12    10     9     8     7     6     5     4     1
    14    13    11    10     8     7     5     4     2     1
     0     0     0     0     0     0     0     0     0     0


BigArray =

    13    12    10     9     8     6     5     4     2     1
    14    13    11    10     8     7     5     4     2     1
     0     0     0     0     0     0     0     0     0     0


BigArray =

    13    12    10     9     7     6     5     4     3     1
    14    13    11    10     8     7     5     4     2     1
     0     0     0     0     0     0     0     0     0     0


BigArray =

    13    12    10     9     6     5     4     3     2     1
    14    13    11    10     8     7     5     4     2     1
     0     0     0     0     0     0     0     0     0     0


BigArray =

    13    11    10     9     8     7     6     5     4     2
    14    13    11    10     8     7     5     4     2     1
     0     0     0     0     0     0     0     0     0     0


BigArray =

    13    11    10     9     8     7     5     4     2     1
    14    13    11    10     8     7     5     4     2     1
     0     0     0     0     0     0     0     0     0     0


BigArray =

    13    11    10     9     7     6     5     4     3     2
    14    13    11    10     8     7     5     4     2     1
     0     0     0     0     0     0     0     0     0     0


BigArray =

    13    11    10     9     7     5     4     3     2     1
    14    13    11    10     8     7     5     4     2     1
     0     0     0     0     0     0     0     0     0     0


BigArray =

    13    10     9     8     7     6     5     4     2     1
    14    13    11    10     8     7     5     4     2     1
     0     0     0     0     0     0     0     0     0     0


BigArray =

    13    10     9     7     6     5     4     3     2     1
    14    13    11    10     8     7     5     4     2     1
     0     0     0     0     0     0     0     0     0     0


BigArray =

    12    11    10     9     8     7     6     5     4     3
    14    13    11    10     8     7     5     4     2     1
     0     0     0     0     0     0     0     0     0     0


BigArray =

    12    11    10     9     8     7     5     4     3     1
    14    13    11    10     8     7     5     4     2     1
     0     0     0     0     0     0     0     0     0     0


BigArray =

    12    11    10     9     8     6     5     4     3     2
    14    13    11    10     8     7     5     4     2     1
     0     0     0     0     0     0     0     0     0     0


BigArray =

    12    11    10     9     8     5     4     3     2     1
    14    13    11    10     8     7     5     4     2     1
     0     0     0     0     0     0     0     0     0     0


BigArray =

    12    10     9     8     7     6     5     4     3     1
    14    13    11    10     8     7     5     4     2     1
     0     0     0     0     0     0     0     0     0     0


BigArray =

    12    10     9     8     6     5     4     3     2     1
    14    13    11    10     8     7     5     4     2     1
     0     0     0     0     0     0     0     0     0     0


BigArray =

    11    10     9     8     7     6     5     4     3     2
    14    13    11    10     8     7     5     4     2     1
     0     0     0     0     0     0     0     0     0     0


BigArray =

    11    10     9     8     7     5     4     3     2     1
    14    13    11    10     8     7     5     4     2     1
     0     0     0     0     0     0     0     0     0     0


BigArray =

    10     9     8     7     6     5     4     3     2     1
    14    13    11    10     8     7     5     4     2     1
     0     0     0     0     0     0     0     0     0     0


NumberOfCombos =

   161


Q =

     0     1     2     3     4
     0     3     6     9    12
     0     0     0     0     0
     0     2     3     4     6
     0     3     6     9    12
     0     0     0     0     0
     0     1     3     4     7
     0     3     6     9    12
     0     0     0     0     0
     0     3     4     6     7
     0     3     6     9    12
     0     0     0     0     0
     0     1     2     4     8
     0     3     6     9    12
     0     0     0     0     0
     0     2     4     6     8
     0     3     6     9    12
     0     0     0     0     0
     0     1     4     7     8
     0     3     6     9    12
     0     0     0     0     0
     0     4     6     7     8
     0     3     6     9    12
     0     0     0     0     0
     0     1     2     3     9
     0     3     6     9    12
     0     0     0     0     0
     0     2     3     6     9
     0     3     6     9    12
     0     0     0     0     0
     0     1     3     7     9
     0     3     6     9    12
     0     0     0     0     0
     0     3     6     7     9
     0     3     6     9    12
     0     0     0     0     0
     0     1     2     8     9
     0     3     6     9    12
     0     0     0     0     0
     0     2     6     8     9
     0     3     6     9    12
     0     0     0     0     0
     0     1     7     8     9
     0     3     6     9    12
     0     0     0     0     0
     0     6     7     8     9
     0     3     6     9    12
     0     0     0     0     0
     0     2     3     4    11
     0     3     6     9    12
     0     0     0     0     0
     0     3     4     7    11
     0     3     6     9    12
     0     0     0     0     0
     0     2     4     8    11
     0     3     6     9    12
     0     0     0     0     0
     0     4     7     8    11
     0     3     6     9    12
     0     0     0     0     0
     0     2     3     9    11
     0     3     6     9    12
     0     0     0     0     0
     0     3     7     9    11
     0     3     6     9    12
     0     0     0     0     0
     0     2     8     9    11
     0     3     6     9    12
     0     0     0     0     0
     0     7     8     9    11
     0     3     6     9    12
     0     0     0     0     0
     0     1     3     4    12
     0     3     6     9    12
     0     0     0     0     0
     0     3     4     6    12
     0     3     6     9    12
     0     0     0     0     0
     0     1     4     8    12
     0     3     6     9    12
     0     0     0     0     0
     0     4     6     8    12
     0     3     6     9    12
     0     0     0     0     0
     0     1     3     9    12
     0     3     6     9    12
     0     0     0     0     0
     0     3     6     9    12
     0     1     2     3     4
     0     0     0     0     0
     0     3     6     9    12
     0     2     3     4     6
     0     0     0     0     0
     0     3     6     9    12
     0     1     3     4     7
     0     0     0     0     0
     0     3     6     9    12
     0     3     4     6     7
     0     0     0     0     0
     0     3     6     9    12
     0     1     2     4     8
     0     0     0     0     0
     0     3     6     9    12
     0     2     4     6     8
     0     0     0     0     0
     0     3     6     9    12
     0     1     4     7     8
     0     0     0     0     0
     0     3     6     9    12
     0     4     6     7     8
     0     0     0     0     0
     0     3     6     9    12
     0     1     2     3     9
     0     0     0     0     0
     0     3     6     9    12
     0     2     3     6     9
     0     0     0     0     0
     0     3     6     9    12
     0     1     3     7     9
     0     0     0     0     0
     0     3     6     9    12
     0     3     6     7     9
     0     0     0     0     0
     0     3     6     9    12
     0     1     2     8     9
     0     0     0     0     0
     0     3     6     9    12
     0     2     6     8     9
     0     0     0     0     0
     0     3     6     9    12
     0     1     7     8     9
     0     0     0     0     0
     0     3     6     9    12
     0     6     7     8     9
     0     0     0     0     0
     0     3     6     9    12
     0     2     3     4    11
     0     0     0     0     0
     0     3     6     9    12
     0     3     4     7    11
     0     0     0     0     0
     0     3     6     9    12
     0     2     4     8    11
     0     0     0     0     0
     0     3     6     9    12
     0     4     7     8    11
     0     0     0     0     0
     0     3     6     9    12
     0     2     3     9    11
     0     0     0     0     0
     0     3     6     9    12
     0     3     7     9    11
     0     0     0     0     0
     0     3     6     9    12
     0     2     8     9    11
     0     0     0     0     0
     0     3     6     9    12
     0     7     8     9    11
     0     0     0     0     0
     0     3     6     9    12
     0     1     3     4    12
     0     0     0     0     0
     0     3     6     9    12
     0     3     4     6    12
     0     0     0     0     0
     0     3     6     9    12
     0     1     4     8    12
     0     0     0     0     0
     0     3     6     9    12
     0     4     6     8    12
     0     0     0     0     0
     0     3     6     9    12
     0     1     3     9    12
     0     0     0     0     0
     0     3     6     9    12
     0     3     6     9    12
     0     0     0     0     0
     0     3     6     9    12
     0     1     8     9    12
     0     0     0     0     0
     0     3     6     9    12
     0     6     8     9    12
     0     0     0     0     0
     0     3     6     9    12
     0     3     4    11    12
     0     0     0     0     0
     0     3     6     9    12
     0     4     8    11    12
     0     0     0     0     0
     0     3     6     9    12
     0     3     9    11    12
     0     0     0     0     0
     0     3     6     9    12
     0     8     9    11    12
     0     0     0     0     0
     0     3     6     9    12
     0     1     2     4    13
     0     0     0     0     0
     0     3     6     9    12
     0     2     4     6    13
     0     0     0     0     0
     0     3     6     9    12
     0     1     4     7    13
     0     0     0     0     0
     0     3     6     9    12
     0     4     6     7    13
     0     0     0     0     0
     0     3     6     9    12
     0     1     2     9    13
     0     0     0     0     0
     0     3     6     9    12
     0     2     6     9    13
     0     0     0     0     0
     0     3     6     9    12
     0     1     7     9    13
     0     0     0     0     0
     0     3     6     9    12
     0     6     7     9    13
     0     0     0     0     0
     0     3     6     9    12
     0     2     4    11    13
     0     0     0     0     0
     0     3     6     9    12
     0     4     7    11    13
     0     0     0     0     0
     0     3     6     9    12
     0     2     9    11    13
     0     0     0     0     0
     0     3     6     9    12
     0     7     9    11    13
     0     0     0     0     0
     0     3     6     9    12
     0     1     4    12    13
     0     0     0     0     0
     0     3     6     9    12
     0     4     6    12    13
     0     0     0     0     0
     0     3     6     9    12
     0     1     9    12    13
     0     0     0     0     0
     0     3     6     9    12
     0     6     9    12    13
     0     0     0     0     0
     0     3     6     9    12
     0     4    11    12    13
     0     0     0     0     0
     0     3     6     9    12
     0     9    11    12    13
     0     0     0     0     0
     0     3     6     9    12
     0     1     2     3    14
     0     0     0     0     0
     0     3     6     9    12
     0     2     3     6    14
     0     0     0     0     0
     0     3     6     9    12
     0     1     3     7    14
     0     0     0     0     0
     0     3     6     9    12
     0     3     6     7    14
     0     0     0     0     0
     0     3     6     9    12
     0     1     2     8    14
     0     0     0     0     0
     0     3     6     9    12
     0     2     6     8    14
     0     0     0     0     0
     0     3     6     9    12
     0     1     7     8    14
     0     0     0     0     0
     0     3     6     9    12
     0     6     7     8    14
     0     0     0     0     0
     0     3     6     9    12
     0     2     3    11    14
     0     0     0     0     0
     0     3     6     9    12
     0     3     7    11    14
     0     0     0     0     0
     0     3     6     9    12
     0     2     8    11    14
     0     0     0     0     0
     0     3     6     9    12
     0     7     8    11    14
     0     0     0     0     0
     0     3     6     9    12
     0     1     3    12    14
     0     0     0     0     0
     0     3     6     9    12
     0     3     6    12    14
     0     0     0     0     0
     0     3     6     9    12
     0     1     8    12    14
     0     0     0     0     0
     0     3     6     9    12
     0     6     8    12    14
     0     0     0     0     0
     0     3     6     9    12
     0     3    11    12    14
     0     0     0     0     0
     0     3     6     9    12
     0     8    11    12    14
     0     0     0     0     0
     0     3     6     9    12
     0     1     2    13    14
     0     0     0     0     0
     0     3     6     9    12
     0     2     6    13    14
     0     0     0     0     0
     0     3     6     9    12
     0     1     7    13    14
     0     0     0     0     0
     0     3     6     9    12
     0     6     7    13    14
     0     0     0     0     0
     0     3     6     9    12
     0     2    11    13    14
     0     0     0     0     0
     0     3     6     9    12
     0     7    11    13    14
     0     0     0     0     0
     0     3     6     9    12
     0     1    12    13    14
     0     0     0     0     0
     0     3     6     9    12
     0     6    12    13    14
     0     0     0     0     0
     0     3     6     9    12
     0    11    12    13    14
     0     0     0     0     0
     0     1     8     9    12
     0     3     6     9    12
     0     0     0     0     0
     0     6     8     9    12
     0     3     6     9    12
     0     0     0     0     0
     0     3     4    11    12
     0     3     6     9    12
     0     0     0     0     0
     0     4     8    11    12
     0     3     6     9    12
     0     0     0     0     0
     0     3     9    11    12
     0     3     6     9    12
     0     0     0     0     0
     0     8     9    11    12
     0     3     6     9    12
     0     0     0     0     0
     0     1     2     4    13
     0     3     6     9    12
     0     0     0     0     0
     0     2     4     6    13
     0     3     6     9    12
     0     0     0     0     0
     0     1     4     7    13
     0     3     6     9    12
     0     0     0     0     0
     0     4     6     7    13
     0     3     6     9    12
     0     0     0     0     0
     0     1     2     9    13
     0     3     6     9    12
     0     0     0     0     0
     0     2     6     9    13
     0     3     6     9    12
     0     0     0     0     0
     0     1     7     9    13
     0     3     6     9    12
     0     0     0     0     0
     0     6     7     9    13
     0     3     6     9    12
     0     0     0     0     0
     0     2     4    11    13
     0     3     6     9    12
     0     0     0     0     0
     0     4     7    11    13
     0     3     6     9    12
     0     0     0     0     0
     0     2     9    11    13
     0     3     6     9    12
     0     0     0     0     0
     0     7     9    11    13
     0     3     6     9    12
     0     0     0     0     0
     0     1     4    12    13
     0     3     6     9    12
     0     0     0     0     0
     0     4     6    12    13
     0     3     6     9    12
     0     0     0     0     0
     0     1     9    12    13
     0     3     6     9    12
     0     0     0     0     0
     0     6     9    12    13
     0     3     6     9    12
     0     0     0     0     0
     0     4    11    12    13
     0     3     6     9    12
     0     0     0     0     0
     0     9    11    12    13
     0     3     6     9    12
     0     0     0     0     0
     0     1     2     3    14
     0     3     6     9    12
     0     0     0     0     0
     0     2     3     6    14
     0     3     6     9    12
     0     0     0     0     0
     0     1     3     7    14
     0     3     6     9    12
     0     0     0     0     0
     0     3     6     7    14
     0     3     6     9    12
     0     0     0     0     0
     0     1     2     8    14
     0     3     6     9    12
     0     0     0     0     0
     0     2     6     8    14
     0     3     6     9    12
     0     0     0     0     0
     0     1     7     8    14
     0     3     6     9    12
     0     0     0     0     0
     0     6     7     8    14
     0     3     6     9    12
     0     0     0     0     0
     0     2     3    11    14
     0     3     6     9    12
     0     0     0     0     0
     0     3     7    11    14
     0     3     6     9    12
     0     0     0     0     0
     0     2     8    11    14
     0     3     6     9    12
     0     0     0     0     0
     0     7     8    11    14
     0     3     6     9    12
     0     0     0     0     0
     0     1     3    12    14
     0     3     6     9    12
     0     0     0     0     0
     0     3     6    12    14
     0     3     6     9    12
     0     0     0     0     0
     0     1     8    12    14
     0     3     6     9    12
     0     0     0     0     0
     0     6     8    12    14
     0     3     6     9    12
     0     0     0     0     0
     0     3    11    12    14
     0     3     6     9    12
     0     0     0     0     0
     0     8    11    12    14
     0     3     6     9    12
     0     0     0     0     0
     0     1     2    13    14
     0     3     6     9    12
     0     0     0     0     0
     0     2     6    13    14
     0     3     6     9    12
     0     0     0     0     0
     0     1     7    13    14
     0     3     6     9    12
     0     0     0     0     0
     0     6     7    13    14
     0     3     6     9    12
     0     0     0     0     0
     0     2    11    13    14
     0     3     6     9    12
     0     0     0     0     0
     0     7    11    13    14
     0     3     6     9    12
     0     0     0     0     0
     0     1    12    13    14
     0     3     6     9    12
     0     0     0     0     0
     0     6    12    13    14
     0     3     6     9    12
     0     0     0     0     0
     0    11    12    13    14
     0     3     6     9    12
     0     0     0     0     0


NumberOfCombos =

     0


Q =

     []


BigArray =

    14    13    12    11    10     9     8     7     6     5     4     3
    14    13    12    11     9     8     7     6     4     3     2     1
     0     0     0     0     0     0     0     0     0     0     0     0


BigArray =

    14    13    12    11    10     9     8     7     6     5     3     1
    14    13    12    11     9     8     7     6     4     3     2     1
     0     0     0     0     0     0     0     0     0     0     0     0


BigArray =

    14    13    12    11    10     9     8     7     6     4     3     2
    14    13    12    11     9     8     7     6     4     3     2     1
     0     0     0     0     0     0     0     0     0     0     0     0


BigArray =

    14    13    12    11    10     9     8     7     6     3     2     1
    14    13    12    11     9     8     7     6     4     3     2     1
     0     0     0     0     0     0     0     0     0     0     0     0


BigArray =

    14    13    12    11    10     9     8     6     5     4     3     1
    14    13    12    11     9     8     7     6     4     3     2     1
     0     0     0     0     0     0     0     0     0     0     0     0


BigArray =

    14    13    12    11    10     9     8     6     4     3     2     1
    14    13    12    11     9     8     7     6     4     3     2     1
     0     0     0     0     0     0     0     0     0     0     0     0


BigArray =

    14    13    12    11    10     9     7     6     5     4     3     2
    14    13    12    11     9     8     7     6     4     3     2     1
     0     0     0     0     0     0     0     0     0     0     0     0


BigArray =

    14    13    12    11    10     9     7     6     5     3     2     1
    14    13    12    11     9     8     7     6     4     3     2     1
     0     0     0     0     0     0     0     0     0     0     0     0


BigArray =

    14    13    12    11    10     9     6     5     4     3     2     1
    14    13    12    11     9     8     7     6     4     3     2     1
     0     0     0     0     0     0     0     0     0     0     0     0


BigArray =

    14    13    12    11     9     8     7     6     5     4     3     1
    14    13    12    11     9     8     7     6     4     3     2     1
     0     0     0     0     0     0     0     0     0     0     0     0


BigArray =

    14    13    12    11     9     8     7     6     4     3     2     1
    14    13    12    11    10     9     8     7     6     5     4     3
     0     0     0     0     0     0     0     0     0     0     0     0


BigArray =

    14    13    12    11     9     8     7     6     4     3     2     1
    14    13    12    11    10     9     8     7     6     5     3     1
     0     0     0     0     0     0     0     0     0     0     0     0


BigArray =

    14    13    12    11     9     8     7     6     4     3     2     1
    14    13    12    11    10     9     8     7     6     4     3     2
     0     0     0     0     0     0     0     0     0     0     0     0


BigArray =

    14    13    12    11     9     8     7     6     4     3     2     1
    14    13    12    11    10     9     8     7     6     3     2     1
     0     0     0     0     0     0     0     0     0     0     0     0


BigArray =

    14    13    12    11     9     8     7     6     4     3     2     1
    14    13    12    11    10     9     8     6     5     4     3     1
     0     0     0     0     0     0     0     0     0     0     0     0


BigArray =

    14    13    12    11     9     8     7     6     4     3     2     1
    14    13    12    11    10     9     8     6     4     3     2     1
     0     0     0     0     0     0     0     0     0     0     0     0


BigArray =

    14    13    12    11     9     8     7     6     4     3     2     1
    14    13    12    11    10     9     7     6     5     4     3     2
     0     0     0     0     0     0     0     0     0     0     0     0


BigArray =

    14    13    12    11     9     8     7     6     4     3     2     1
    14    13    12    11    10     9     7     6     5     3     2     1
     0     0     0     0     0     0     0     0     0     0     0     0


BigArray =

    14    13    12    11     9     8     7     6     4     3     2     1
    14    13    12    11    10     9     6     5     4     3     2     1
     0     0     0     0     0     0     0     0     0     0     0     0


BigArray =

    14    13    12    11     9     8     7     6     4     3     2     1
    14    13    12    11     9     8     7     6     5     4     3     1
     0     0     0     0     0     0     0     0     0     0     0     0


BigArray =

    14    13    12    11     9     8     7     6     4     3     2     1
    14    13    12    11     9     8     7     6     4     3     2     1
     0     0     0     0     0     0     0     0     0     0     0     0


BigArray =

    14    13    12    11     9     8     7     6     4     3     2     1
    14    13    12    11     9     7     6     5     4     3     2     1
     0     0     0     0     0     0     0     0     0     0     0     0


BigArray =

    14    13    12    11     9     8     7     6     4     3     2     1
    14    13    12    10     9     8     7     6     5     4     3     2
     0     0     0     0     0     0     0     0     0     0     0     0


BigArray =

    14    13    12    11     9     8     7     6     4     3     2     1
    14    13    12    10     9     8     7     6     5     3     2     1
     0     0     0     0     0     0     0     0     0     0     0     0


BigArray =

    14    13    12    11     9     8     7     6     4     3     2     1
    14    13    12    10     9     8     6     5     4     3     2     1
     0     0     0     0     0     0     0     0     0     0     0     0


BigArray =

    14    13    12    11     9     8     7     6     4     3     2     1
    14    13    12     9     8     7     6     5     4     3     2     1
     0     0     0     0     0     0     0     0     0     0     0     0


BigArray =

    14    13    12    11     9     8     7     6     4     3     2     1
    14    12    11    10     9     8     7     6     5     4     3     1
     0     0     0     0     0     0     0     0     0     0     0     0


BigArray =

    14    13    12    11     9     8     7     6     4     3     2     1
    14    12    11    10     9     8     7     6     4     3     2     1
     0     0     0     0     0     0     0     0     0     0     0     0


BigArray =

    14    13    12    11     9     8     7     6     4     3     2     1
    14    12    11    10     9     7     6     5     4     3     2     1
     0     0     0     0     0     0     0     0     0     0     0     0


BigArray =

    14    13    12    11     9     8     7     6     4     3     2     1
    14    12    10     9     8     7     6     5     4     3     2     1
     0     0     0     0     0     0     0     0     0     0     0     0


BigArray =

    14    13    12    11     9     8     7     6     4     3     2     1
    13    12    11    10     9     8     7     6     5     4     3     2
     0     0     0     0     0     0     0     0     0     0     0     0


BigArray =

    14    13    12    11     9     8     7     6     4     3     2     1
    13    12    11    10     9     8     7     6     5     3     2     1
     0     0     0     0     0     0     0     0     0     0     0     0


BigArray =

    14    13    12    11     9     8     7     6     4     3     2     1
    13    12    11    10     9     8     6     5     4     3     2     1
     0     0     0     0     0     0     0     0     0     0     0     0


BigArray =

    14    13    12    11     9     8     7     6     4     3     2     1
    13    12    11     9     8     7     6     5     4     3     2     1
     0     0     0     0     0     0     0     0     0     0     0     0


BigArray =

    14    13    12    11     9     8     7     6     4     3     2     1
    12    11    10     9     8     7     6     5     4     3     2     1
     0     0     0     0     0     0     0     0     0     0     0     0


BigArray =

    14    13    12    11     9     7     6     5     4     3     2     1
    14    13    12    11     9     8     7     6     4     3     2     1
     0     0     0     0     0     0     0     0     0     0     0     0


BigArray =

    14    13    12    10     9     8     7     6     5     4     3     2
    14    13    12    11     9     8     7     6     4     3     2     1
     0     0     0     0     0     0     0     0     0     0     0     0


BigArray =

    14    13    12    10     9     8     7     6     5     3     2     1
    14    13    12    11     9     8     7     6     4     3     2     1
     0     0     0     0     0     0     0     0     0     0     0     0


BigArray =

    14    13    12    10     9     8     6     5     4     3     2     1
    14    13    12    11     9     8     7     6     4     3     2     1
     0     0     0     0     0     0     0     0     0     0     0     0


BigArray =

    14    13    12     9     8     7     6     5     4     3     2     1
    14    13    12    11     9     8     7     6     4     3     2     1
     0     0     0     0     0     0     0     0     0     0     0     0


BigArray =

    14    12    11    10     9     8     7     6     5     4     3     1
    14    13    12    11     9     8     7     6     4     3     2     1
     0     0     0     0     0     0     0     0     0     0     0     0


BigArray =

    14    12    11    10     9     8     7     6     4     3     2     1
    14    13    12    11     9     8     7     6     4     3     2     1
     0     0     0     0     0     0     0     0     0     0     0     0


BigArray =

    14    12    11    10     9     7     6     5     4     3     2     1
    14    13    12    11     9     8     7     6     4     3     2     1
     0     0     0     0     0     0     0     0     0     0     0     0


BigArray =

    14    12    10     9     8     7     6     5     4     3     2     1
    14    13    12    11     9     8     7     6     4     3     2     1
     0     0     0     0     0     0     0     0     0     0     0     0


BigArray =

    13    12    11    10     9     8     7     6     5     4     3     2
    14    13    12    11     9     8     7     6     4     3     2     1
     0     0     0     0     0     0     0     0     0     0     0     0


BigArray =

    13    12    11    10     9     8     7     6     5     3     2     1
    14    13    12    11     9     8     7     6     4     3     2     1
     0     0     0     0     0     0     0     0     0     0     0     0


BigArray =

    13    12    11    10     9     8     6     5     4     3     2     1
    14    13    12    11     9     8     7     6     4     3     2     1
     0     0     0     0     0     0     0     0     0     0     0     0


BigArray =

    13    12    11     9     8     7     6     5     4     3     2     1
    14    13    12    11     9     8     7     6     4     3     2     1
     0     0     0     0     0     0     0     0     0     0     0     0


BigArray =

    12    11    10     9     8     7     6     5     4     3     2     1
    14    13    12    11     9     8     7     6     4     3     2     1
     0     0     0     0     0     0     0     0     0     0     0     0


NumberOfCombos =

    49


Q =

     0     1     2
     0     5    10
     0     0     0
     0     2     4
     0     5    10
     0     0     0
     0     1     5
     0     5    10
     0     0     0
     0     4     5
     0     5    10
     0     0     0
     0     2     7
     0     5    10
     0     0     0
     0     5     7
     0     5    10
     0     0     0
     0     1     8
     0     5    10
     0     0     0
     0     4     8
     0     5    10
     0     0     0
     0     7     8
     0     5    10
     0     0     0
     0     2    10
     0     5    10
     0     0     0
     0     5    10
     0     1     2
     0     0     0
     0     5    10
     0     2     4
     0     0     0
     0     5    10
     0     1     5
     0     0     0
     0     5    10
     0     4     5
     0     0     0
     0     5    10
     0     2     7
     0     0     0
     0     5    10
     0     5     7
     0     0     0
     0     5    10
     0     1     8
     0     0     0
     0     5    10
     0     4     8
     0     0     0
     0     5    10
     0     7     8
     0     0     0
     0     5    10
     0     2    10
     0     0     0
     0     5    10
     0     5    10
     0     0     0
     0     5    10
     0     8    10
     0     0     0
     0     5    10
     0     1    11
     0     0     0
     0     5    10
     0     4    11
     0     0     0
     0     5    10
     0     7    11
     0     0     0
     0     5    10
     0    10    11
     0     0     0
     0     5    10
     0     2    13
     0     0     0
     0     5    10
     0     5    13
     0     0     0
     0     5    10
     0     8    13
     0     0     0
     0     5    10
     0    11    13
     0     0     0
     0     5    10
     0     1    14
     0     0     0
     0     5    10
     0     4    14
     0     0     0
     0     5    10
     0     7    14
     0     0     0
     0     5    10
     0    10    14
     0     0     0
     0     5    10
     0    13    14
     0     0     0
     0     8    10
     0     5    10
     0     0     0
     0     1    11
     0     5    10
     0     0     0
     0     4    11
     0     5    10
     0     0     0
     0     7    11
     0     5    10
     0     0     0
     0    10    11
     0     5    10
     0     0     0
     0     2    13
     0     5    10
     0     0     0
     0     5    13
     0     5    10
     0     0     0
     0     8    13
     0     5    10
     0     0     0
     0    11    13
     0     5    10
     0     0     0
     0     1    14
     0     5    10
     0     0     0
     0     4    14
     0     5    10
     0     0     0
     0     7    14
     0     5    10
     0     0     0
     0    10    14
     0     5    10
     0     0     0
     0    13    14
     0     5    10
     0     0     0


NumberOfCombos =

     0


Q =

     []


BigArray =

    14    13    12    11    10     9     8     7     6     5     4     3     2     1
    14    13    12    11    10     9     8     7     6     5     4     3     2     1
     0     0     0     0     0     0     0     0     0     0     0     0     0     0


NumberOfCombos =

     1


Q =

     0
     0
     0

>> 