  0     1     2     3     4
     0     3     6     9    12
     0     0     0     0     0
     0     2     3     4     6
     0     3     6     9    12
     0     0     0     0     0
     0     1     3     4     7
     0     3     6     9    12
     0     0     0     0     0
     0     3     4     6     7
     0     3     6     9    12
     0     0     0     0     0
     0     1     2     4     8
     0     3     6     9    12
     0     0     0     0     0
     0     2     4     6     8
     0     3     6     9    12
     0     0     0     0     0
     0     1     4     7     8
     0     3     6     9    12
     0     0     0     0     0
     0     4     6     7     8
     0     3     6     9    12
     0     0     0     0     0
     0     1     2     3     9
     0     3     6     9    12
     0     0     0     0     0
     0     2     3     6     9
     0     3     6     9    12
     0     0     0     0     0
     0     1     3     7     9
     0     3     6     9    12
     0     0     0     0     0
     0     3     6     7     9
     0     3     6     9    12
     0     0     0     0     0
     0     1     2     8     9
     0     3     6     9    12
     0     0     0     0     0
     0     2     6     8     9
     0     3     6     9    12
     0     0     0     0     0
     0     1     7     8     9
     0     3     6     9    12
     0     0     0     0     0
     0     6     7     8     9
     0     3     6     9    12
     0     0     0     0     0
     0     2     3     4    11
     0     3     6     9    12
     0     0     0     0     0
     0     3     4     7    11
     0     3     6     9    12
     0     0     0     0     0
     0     2     4     8    11
     0     3     6     9    12
     0     0     0     0     0
     0     4     7     8    11
     0     3     6     9    12
     0     0     0     0     0
     0     2     3     9    11
     0     3     6     9    12
     0     0     0     0     0
     0     3     7     9    11
     0     3     6     9    12
     0     0     0     0     0
     0     2     8     9    11
     0     3     6     9    12
     0     0     0     0     0
     0     7     8     9    11
     0     3     6     9    12
     0     0     0     0     0
     0     1     3     4    12
     0     3     6     9    12
     0     0     0     0     0
     0     3     4     6    12
     0     3     6     9    12
     0     0     0     0     0
     0     1     4     8    12
     0     3     6     9    12
     0     0     0     0     0
     0     4     6     8    12
     0     3     6     9    12
     0     0     0     0     0
     0     1     3     9    12
     0     3     6     9    12
     0     0     0     0     0
     0     3     6     9    12
     0     1     2     3     4
     0     0     0     0     0
     0     3     6     9    12
     0     2     3     4     6
     0     0     0     0     0
     0     3     6     9    12
     0     1     3     4     7
     0     0     0     0     0
     0     3     6     9    12
     0     3     4     6     7
     0     0     0     0     0
     0     3     6     9    12
     0     1     2     4     8
     0     0     0     0     0
     0     3     6     9    12
     0     2     4     6     8
     0     0     0     0     0
     0     3     6     9    12
     0     1     4     7     8
     0     0     0     0     0
     0     3     6     9    12
     0     4     6     7     8
     0     0     0     0     0
     0     3     6     9    12
     0     1     2     3     9
     0     0     0     0     0
     0     3     6     9    12
     0     2     3     6     9
     0     0     0     0     0
     0     3     6     9    12
     0     1     3     7     9
     0     0     0     0     0
     0     3     6     9    12
     0     3     6     7     9
     0     0     0     0     0
     0     3     6     9    12
     0     1     2     8     9
     0     0     0     0     0
     0     3     6     9    12
     0     2     6     8     9
     0     0     0     0     0
     0     3     6     9    12
     0     1     7     8     9
     0     0     0     0     0
     0     3     6     9    12
     0     6     7     8     9
     0     0     0     0     0
     0     3     6     9    12
     0     2     3     4    11
     0     0     0     0     0
     0     3     6     9    12
     0     3     4     7    11
     0     0     0     0     0
     0     3     6     9    12
     0     2     4     8    11
     0     0     0     0     0
     0     3     6     9    12
     0     4     7     8    11
     0     0     0     0     0
     0     3     6     9    12
     0     2     3     9    11
     0     0     0     0     0
     0     3     6     9    12
     0     3     7     9    11
     0     0     0     0     0
     0     3     6     9    12
     0     2     8     9    11
     0     0     0     0     0
     0     3     6     9    12
     0     7     8     9    11
     0     0     0     0     0
     0     3     6     9    12
     0     1     3     4    12
     0     0     0     0     0
     0     3     6     9    12
     0     3     4     6    12
     0     0     0     0     0
     0     3     6     9    12
     0     1     4     8    12
     0     0     0     0     0
     0     3     6     9    12
     0     4     6     8    12
     0     0     0     0     0
     0     3     6     9    12
     0     1     3     9    12
     0     0     0     0     0
     0     3     6     9    12
     0     3     6     9    12
     0     0     0     0     0
     0     3     6     9    12
     0     1     8     9    12
     0     0     0     0     0
     0     3     6     9    12
     0     6     8     9    12
     0     0     0     0     0
     0     3     6     9    12
     0     3     4    11    12
     0     0     0     0     0
     0     3     6     9    12
     0     4     8    11    12
     0     0     0     0     0
     0     3     6     9    12
     0     3     9    11    12
     0     0     0     0     0
     0     3     6     9    12
     0     8     9    11    12
     0     0     0     0     0
     0     3     6     9    12
     0     1     2     4    13
     0     0     0     0     0
     0     3     6     9    12
     0     2     4     6    13
     0     0     0     0     0
     0     3     6     9    12
     0     1     4     7    13
     0     0     0     0     0
     0     3     6     9    12
     0     4     6     7    13
     0     0     0     0     0
     0     3     6     9    12
     0     1     2     9    13
     0     0     0     0     0
     0     3     6     9    12
     0     2     6     9    13
     0     0     0     0     0
     0     3     6     9    12
     0     1     7     9    13
     0     0     0     0     0
     0     3     6     9    12
     0     6     7     9    13
     0     0     0     0     0
     0     3     6     9    12
     0     2     4    11    13
     0     0     0     0     0
     0     3     6     9    12
     0     4     7    11    13
     0     0     0     0     0
     0     3     6     9    12
     0     2     9    11    13
     0     0     0     0     0
     0     3     6     9    12
     0     7     9    11    13
     0     0     0     0     0
     0     3     6     9    12
     0     1     4    12    13
     0     0     0     0     0
     0     3     6     9    12
     0     4     6    12    13
     0     0     0     0     0
     0     3     6     9    12
     0     1     9    12    13
     0     0     0     0     0
     0     3     6     9    12
     0     6     9    12    13
     0     0     0     0     0
     0     3     6     9    12
     0     4    11    12    13
     0     0     0     0     0
     0     3     6     9    12
     0     9    11    12    13
     0     0     0     0     0
     0     3     6     9    12
     0     1     2     3    14
     0     0     0     0     0
     0     3     6     9    12
     0     2     3     6    14
     0     0     0     0     0
     0     3     6     9    12
     0     1     3     7    14
     0     0     0     0     0
     0     3     6     9    12
     0     3     6     7    14
     0     0     0     0     0
     0     3     6     9    12
     0     1     2     8    14
     0     0     0     0     0
     0     3     6     9    12
     0     2     6     8    14
     0     0     0     0     0
     0     3     6     9    12
     0     1     7     8    14
     0     0     0     0     0
     0     3     6     9    12
     0     6     7     8    14
     0     0     0     0     0
     0     3     6     9    12
     0     2     3    11    14
     0     0     0     0     0
     0     3     6     9    12
     0     3     7    11    14
     0     0     0     0     0
     0     3     6     9    12
     0     2     8    11    14
     0     0     0     0     0
     0     3     6     9    12
     0     7     8    11    14
     0     0     0     0     0
     0     3     6     9    12
     0     1     3    12    14
     0     0     0     0     0
     0     3     6     9    12
     0     3     6    12    14
     0     0     0     0     0
     0     3     6     9    12
     0     1     8    12    14
     0     0     0     0     0
     0     3     6     9    12
     0     6     8    12    14
     0     0     0     0     0
     0     3     6     9    12
     0     3    11    12    14
     0     0     0     0     0
     0     3     6     9    12
     0     8    11    12    14
     0     0     0     0     0
     0     3     6     9    12
     0     1     2    13    14
     0     0     0     0     0
     0     3     6     9    12
     0     2     6    13    14
     0     0     0     0     0
     0     3     6     9    12
     0     1     7    13    14
     0     0     0     0     0
     0     3     6     9    12
     0     6     7    13    14
     0     0     0     0     0
     0     3     6     9    12
     0     2    11    13    14
     0     0     0     0     0
     0     3     6     9    12
     0     7    11    13    14
     0     0     0     0     0
     0     3     6     9    12
     0     1    12    13    14
     0     0     0     0     0
     0     3     6     9    12
     0     6    12    13    14
     0     0     0     0     0
     0     3     6     9    12
     0    11    12    13    14
     0     0     0     0     0
     0     1     8     9    12
     0     3     6     9    12
     0     0     0     0     0
     0     6     8     9    12
     0     3     6     9    12
     0     0     0     0     0
     0     3     4    11    12
     0     3     6     9    12
     0     0     0     0     0
     0     4     8    11    12
     0     3     6     9    12
     0     0     0     0     0
     0     3     9    11    12
     0     3     6     9    12
     0     0     0     0     0
     0     8     9    11    12
     0     3     6     9    12
     0     0     0     0     0
     0     1     2     4    13
     0     3     6     9    12
     0     0     0     0     0
     0     2     4     6    13
     0     3     6     9    12
     0     0     0     0     0
     0     1     4     7    13
     0     3     6     9    12
     0     0     0     0     0
     0     4     6     7    13
     0     3     6     9    12
     0     0     0     0     0
     0     1     2     9    13
     0     3     6     9    12
     0     0     0     0     0
     0     2     6     9    13
     0     3     6     9    12
     0     0     0     0     0
     0     1     7     9    13
     0     3     6     9    12
     0     0     0     0     0
     0     6     7     9    13
     0     3     6     9    12
     0     0     0     0     0
     0     2     4    11    13
     0     3     6     9    12
     0     0     0     0     0
     0     4     7    11    13
     0     3     6     9    12
     0     0     0     0     0
     0     2     9    11    13
     0     3     6     9    12
     0     0     0     0     0
     0     7     9    11    13
     0     3     6     9    12
     0     0     0     0     0
     0     1     4    12    13
     0     3     6     9    12
     0     0     0     0     0
     0     4     6    12    13
     0     3     6     9    12
     0     0     0     0     0
     0     1     9    12    13
     0     3     6     9    12
     0     0     0     0     0
     0     6     9    12    13
     0     3     6     9    12
     0     0     0     0     0
     0     4    11    12    13
     0     3     6     9    12
     0     0     0     0     0
     0     9    11    12    13
     0     3     6     9    12
     0     0     0     0     0
     0     1     2     3    14
     0     3     6     9    12
     0     0     0     0     0
     0     2     3     6    14
     0     3     6     9    12
     0     0     0     0     0
     0     1     3     7    14
     0     3     6     9    12
     0     0     0     0     0
     0     3     6     7    14
     0     3     6     9    12
     0     0     0     0     0
     0     1     2     8    14
     0     3     6     9    12
     0     0     0     0     0
     0     2     6     8    14
     0     3     6     9    12
     0     0     0     0     0
     0     1     7     8    14
     0     3     6     9    12
     0     0     0     0     0
     0     6     7     8    14
     0     3     6     9    12
     0     0     0     0     0
     0     2     3    11    14
     0     3     6     9    12
     0     0     0     0     0
     0     3     7    11    14
     0     3     6     9    12
     0     0     0     0     0
     0     2     8    11    14
     0     3     6     9    12
     0     0     0     0     0
     0     7     8    11    14
     0     3     6     9    12
     0     0     0     0     0
     0     1     3    12    14
     0     3     6     9    12
     0     0     0     0     0
     0     3     6    12    14
     0     3     6     9    12
     0     0     0     0     0
     0     1     8    12    14
     0     3     6     9    12
     0     0     0     0     0
     0     6     8    12    14
     0     3     6     9    12
     0     0     0     0     0
     0     3    11    12    14
     0     3     6     9    12
     0     0     0     0     0
     0     8    11    12    14
     0     3     6     9    12
     0     0     0     0     0
     0     1     2    13    14
     0     3     6     9    12
     0     0     0     0     0
     0     2     6    13    14
     0     3     6     9    12
     0     0     0     0     0
     0     1     7    13    14
     0     3     6     9    12
     0     0     0     0     0
     0     6     7    13    14
     0     3     6     9    12
     0     0     0     0     0
     0     2    11    13    14
     0     3     6     9    12
     0     0     0     0     0
     0     7    11    13    14
     0     3     6     9    12
     0     0     0     0     0
     0     1    12    13    14
     0     3     6     9    12
     0     0     0     0     0
     0     6    12    13    14
     0     3     6     9    12
     0     0     0     0     0
     0    11    12    13    14
     0     3     6     9    12
     0     0     0     0     0