0 1 2 3 4 10 11 12 13 14  has these rows that are the same: 
 
0 1 4 5 8 9 12 13 16 17 CM Met  T=10Z

0 3 4 7 8 11 12 15 16 19 CM Met  T=10Z

  
  
0 2 3 4 6 10 12 13 14 16  has these rows that are the same: 
 
0 1 4 5 8 9 12 13 16 17 CM Met  T=10Z

0 3 4 7 8 11 12 15 16 19 CM Met  T=10Z

  
  
0 1 3 4 7 10 11 13 14 17  has these rows that are the same: 
 
0 1 4 5 8 9 12 13 16 17 CM Met  T=10Z

0 3 4 7 8 11 12 15 16 19 CM Met  T=10Z

  
  
0 1 4 5 8 9 12 13 16 17  has these rows that are the same: 
 
0 1 2 3 4 10 11 12 13 14 CM Met  T=20Z + {0 , 5}

0 2 3 4 6 10 12 13 14 16 CM Met  T=20Z + {0 , 5}

0 1 3 4 7 10 11 13 14 17 CM Met  T=20Z + {0 , 5}

0 3 4 6 7 10 13 14 16 17 CM Met  T=20Z + {0 , 5}

0 1 2 4 8 10 11 12 14 18 CM Met  T=20Z + {0 , 5}

0 2 4 6 8 10 12 14 16 18 CM Met  T=20Z + {0 , 5}

0 1 4 7 8 10 11 14 17 18 CM Met  T=20Z + {0 , 5}

0 4 6 7 8 10 14 16 17 18 CM Met  T=20Z + {0 , 5}

0 1 2 3 9 10 11 12 13 19 CM Met  T=20Z + {0 , 5}

0 2 3 6 9 10 12 13 16 19 CM Met  T=20Z + {0 , 5}

0 1 3 7 9 10 11 13 17 19 CM Met  T=20Z + {0 , 5}

0 3 6 7 9 10 13 16 17 19 CM Met  T=20Z + {0 , 5}

0 1 2 8 9 10 11 12 18 19 CM Met  T=20Z + {0 , 5}

0 2 6 8 9 10 12 16 18 19 CM Met  T=20Z + {0 , 5}

0 1 7 8 9 10 11 17 18 19 CM Met  T=20Z + {0 , 5}

0 6 7 8 9 10 16 17 18 19 CM Met  T=20Z + {0 , 5}

  
 
0 3 4 6 7 10 13 14 16 17  has these rows that are the same: 
 
0 1 4 5 8 9 12 13 16 17 CM Met  T=10Z

0 3 4 7 8 11 12 15 16 19 CM Met  T=10Z

  
  
0 1 2 4 8 10 11 12 14 18  has these rows that are the same: 
 
0 1 4 5 8 9 12 13 16 17 CM Met  T=10Z

0 3 4 7 8 11 12 15 16 19 CM Met  T=10Z

  
  
0 2 4 6 8 10 12 14 16 18  has these rows that are the same: 
 
0 1 2 3 4 5 6 7 8 9 CM Met  T=10Z

0 2 3 4 5 6 7 8 9 11 CM Met  T=10Z

0 1 3 4 5 6 7 8 9 12 CM Met  T=10Z

0 3 4 5 6 7 8 9 11 12 CM Met  T=10Z

0 1 2 4 5 6 7 8 9 13 CM Met  T=10Z

0 2 4 5 6 7 8 9 11 13 CM Met  T=10Z

0 1 4 5 6 7 8 9 12 13 CM Met  T=10Z

0 4 5 6 7 8 9 11 12 13 CM Met  T=10Z

0 1 2 3 5 6 7 8 9 14 CM Met  T=10Z

0 2 3 5 6 7 8 9 11 14 CM Met  T=10Z

0 1 3 5 6 7 8 9 12 14 CM Met  T=10Z

0 3 5 6 7 8 9 11 12 14 CM Met  T=10Z

0 1 2 5 6 7 8 9 13 14 CM Met  T=10Z

0 2 5 6 7 8 9 11 13 14 CM Met  T=10Z

0 1 5 6 7 8 9 12 13 14 CM Met  T=10Z

0 5 6 7 8 9 11 12 13 14 CM Met  T=10Z

0 1 2 3 4 6 7 8 9 15 CM Met  T=10Z

0 2 3 4 6 7 8 9 11 15 CM Met  T=10Z

0 1 3 4 6 7 8 9 12 15 CM Met  T=10Z

0 3 4 6 7 8 9 11 12 15 CM Met  T=10Z

0 1 2 4 6 7 8 9 13 15 CM Met  T=10Z

0 2 4 6 7 8 9 11 13 15 CM Met  T=10Z

0 1 4 6 7 8 9 12 13 15 CM Met  T=10Z

0 4 6 7 8 9 11 12 13 15 CM Met  T=10Z

0 1 2 3 6 7 8 9 14 15 CM Met  T=10Z

0 2 3 6 7 8 9 11 14 15 CM Met  T=10Z

0 1 3 6 7 8 9 12 14 15 CM Met  T=10Z

0 3 6 7 8 9 11 12 14 15 CM Met  T=10Z

0 1 2 6 7 8 9 13 14 15 CM Met  T=10Z

0 2 6 7 8 9 11 13 14 15 CM Met  T=10Z

0 1 6 7 8 9 12 13 14 15 CM Met  T=10Z

0 6 7 8 9 11 12 13 14 15 CM Met  T=10Z

0 1 2 3 4 5 7 8 9 16 CM Met  T=10Z

0 2 3 4 5 7 8 9 11 16 CM Met  T=10Z

0 1 3 4 5 7 8 9 12 16 CM Met  T=10Z

0 3 4 5 7 8 9 11 12 16 CM Met  T=10Z

0 1 2 4 5 7 8 9 13 16 CM Met  T=10Z

0 2 4 5 7 8 9 11 13 16 CM Met  T=10Z

0 1 4 5 7 8 9 12 13 16 CM Met  T=10Z

0 4 5 7 8 9 11 12 13 16 CM Met  T=10Z

0 1 2 3 5 7 8 9 14 16 CM Met  T=10Z

0 2 3 5 7 8 9 11 14 16 CM Met  T=10Z

0 1 3 5 7 8 9 12 14 16 CM Met  T=10Z

0 3 5 7 8 9 11 12 14 16 CM Met  T=10Z

0 1 2 5 7 8 9 13 14 16 CM Met  T=10Z

0 2 5 7 8 9 11 13 14 16 CM Met  T=10Z

0 1 5 7 8 9 12 13 14 16 CM Met  T=10Z

0 5 7 8 9 11 12 13 14 16 CM Met  T=10Z

0 1 2 3 4 7 8 9 15 16 CM Met  T=10Z

0 2 3 4 7 8 9 11 15 16 CM Met  T=10Z

0 1 3 4 7 8 9 12 15 16 CM Met  T=10Z

0 3 4 7 8 9 11 12 15 16 CM Met  T=10Z

0 1 2 4 7 8 9 13 15 16 CM Met  T=10Z

0 2 4 7 8 9 11 13 15 16 CM Met  T=10Z

0 1 4 7 8 9 12 13 15 16 CM Met  T=10Z

0 4 7 8 9 11 12 13 15 16 CM Met  T=10Z

0 1 2 3 7 8 9 14 15 16 CM Met  T=10Z

0 2 3 7 8 9 11 14 15 16 CM Met  T=10Z

0 1 3 7 8 9 12 14 15 16 CM Met  T=10Z

0 3 7 8 9 11 12 14 15 16 CM Met  T=10Z

0 1 2 7 8 9 13 14 15 16 CM Met  T=10Z

0 2 7 8 9 11 13 14 15 16 CM Met  T=10Z

0 1 7 8 9 12 13 14 15 16 CM Met  T=10Z

0 7 8 9 11 12 13 14 15 16 CM Met  T=10Z

0 1 2 3 4 5 6 8 9 17 CM Met  T=10Z

0 2 3 4 5 6 8 9 11 17 CM Met  T=10Z

0 1 3 4 5 6 8 9 12 17 CM Met  T=10Z

0 3 4 5 6 8 9 11 12 17 CM Met  T=10Z

0 1 2 4 5 6 8 9 13 17 CM Met  T=10Z

0 2 4 5 6 8 9 11 13 17 CM Met  T=10Z

0 1 4 5 6 8 9 12 13 17 CM Met  T=10Z

0 4 5 6 8 9 11 12 13 17 CM Met  T=10Z

0 1 2 3 5 6 8 9 14 17 CM Met  T=10Z

0 2 3 5 6 8 9 11 14 17 CM Met  T=10Z

0 1 3 5 6 8 9 12 14 17 CM Met  T=10Z

0 3 5 6 8 9 11 12 14 17 CM Met  T=10Z

0 1 2 5 6 8 9 13 14 17 CM Met  T=10Z

0 2 5 6 8 9 11 13 14 17 CM Met  T=10Z

0 1 5 6 8 9 12 13 14 17 CM Met  T=10Z

0 5 6 8 9 11 12 13 14 17 CM Met  T=10Z

0 1 2 3 4 6 8 9 15 17 CM Met  T=10Z

0 2 3 4 6 8 9 11 15 17 CM Met  T=10Z

0 1 3 4 6 8 9 12 15 17 CM Met  T=10Z

0 3 4 6 8 9 11 12 15 17 CM Met  T=10Z

0 1 2 4 6 8 9 13 15 17 CM Met  T=10Z

0 2 4 6 8 9 11 13 15 17 CM Met  T=10Z

0 1 4 6 8 9 12 13 15 17 CM Met  T=10Z

0 4 6 8 9 11 12 13 15 17 CM Met  T=10Z

0 1 2 3 6 8 9 14 15 17 CM Met  T=10Z

0 2 3 6 8 9 11 14 15 17 CM Met  T=10Z

0 1 3 6 8 9 12 14 15 17 CM Met  T=10Z

0 3 6 8 9 11 12 14 15 17 CM Met  T=10Z

0 1 2 6 8 9 13 14 15 17 CM Met  T=10Z

0 2 6 8 9 11 13 14 15 17 CM Met  T=10Z

0 1 6 8 9 12 13 14 15 17 CM Met  T=10Z

0 6 8 9 11 12 13 14 15 17 CM Met  T=10Z

0 1 2 3 4 5 8 9 16 17 CM Met  T=10Z

0 2 3 4 5 8 9 11 16 17 CM Met  T=10Z

0 1 3 4 5 8 9 12 16 17 CM Met  T=10Z

0 3 4 5 8 9 11 12 16 17 CM Met  T=10Z

0 1 2 4 5 8 9 13 16 17 CM Met  T=10Z

0 2 4 5 8 9 11 13 16 17 CM Met  T=10Z

0 1 4 5 8 9 12 13 16 17 CM Met  T=10Z

0 4 5 8 9 11 12 13 16 17 CM Met  T=10Z

0 1 2 3 5 8 9 14 16 17 CM Met  T=10Z

0 2 3 5 8 9 11 14 16 17 CM Met  T=10Z

0 1 3 5 8 9 12 14 16 17 CM Met  T=10Z

0 3 5 8 9 11 12 14 16 17 CM Met  T=10Z

0 1 2 5 8 9 13 14 16 17 CM Met  T=10Z

0 2 5 8 9 11 13 14 16 17 CM Met  T=10Z

0 1 5 8 9 12 13 14 16 17 CM Met  T=10Z

0 5 8 9 11 12 13 14 16 17 CM Met  T=10Z

0 1 2 3 4 8 9 15 16 17 CM Met  T=10Z

0 2 3 4 8 9 11 15 16 17 CM Met  T=10Z

0 1 3 4 8 9 12 15 16 17 CM Met  T=10Z

0 3 4 8 9 11 12 15 16 17 CM Met  T=10Z

0 1 2 4 8 9 13 15 16 17 CM Met  T=10Z

0 2 4 8 9 11 13 15 16 17 CM Met  T=10Z

0 1 4 8 9 12 13 15 16 17 CM Met  T=10Z

0 4 8 9 11 12 13 15 16 17 CM Met  T=10Z

0 1 2 3 8 9 14 15 16 17 CM Met  T=10Z

0 2 3 8 9 11 14 15 16 17 CM Met  T=10Z

0 1 3 8 9 12 14 15 16 17 CM Met  T=10Z

0 3 8 9 11 12 14 15 16 17 CM Met  T=10Z

0 1 2 8 9 13 14 15 16 17 CM Met  T=10Z

0 2 8 9 11 13 14 15 16 17 CM Met  T=10Z

0 1 8 9 12 13 14 15 16 17 CM Met  T=10Z

0 8 9 11 12 13 14 15 16 17 CM Met  T=10Z

0 1 2 3 4 5 6 7 9 18 CM Met  T=10Z

0 2 3 4 5 6 7 9 11 18 CM Met  T=10Z

0 1 3 4 5 6 7 9 12 18 CM Met  T=10Z

0 3 4 5 6 7 9 11 12 18 CM Met  T=10Z

0 1 2 4 5 6 7 9 13 18 CM Met  T=10Z

0 2 4 5 6 7 9 11 13 18 CM Met  T=10Z

0 1 4 5 6 7 9 12 13 18 CM Met  T=10Z

0 4 5 6 7 9 11 12 13 18 CM Met  T=10Z

0 1 2 3 5 6 7 9 14 18 CM Met  T=10Z

0 2 3 5 6 7 9 11 14 18 CM Met  T=10Z

0 1 3 5 6 7 9 12 14 18 CM Met  T=10Z

0 3 5 6 7 9 11 12 14 18 CM Met  T=10Z

0 1 2 5 6 7 9 13 14 18 CM Met  T=10Z

0 2 5 6 7 9 11 13 14 18 CM Met  T=10Z

0 1 5 6 7 9 12 13 14 18 CM Met  T=10Z

0 5 6 7 9 11 12 13 14 18 CM Met  T=10Z

0 1 2 3 4 6 7 9 15 18 CM Met  T=10Z

0 2 3 4 6 7 9 11 15 18 CM Met  T=10Z

0 1 3 4 6 7 9 12 15 18 CM Met  T=10Z

0 3 4 6 7 9 11 12 15 18 CM Met  T=10Z

0 1 2 4 6 7 9 13 15 18 CM Met  T=10Z

0 2 4 6 7 9 11 13 15 18 CM Met  T=10Z

0 1 4 6 7 9 12 13 15 18 CM Met  T=10Z

0 4 6 7 9 11 12 13 15 18 CM Met  T=10Z

0 1 2 3 6 7 9 14 15 18 CM Met  T=10Z

0 2 3 6 7 9 11 14 15 18 CM Met  T=10Z

0 1 3 6 7 9 12 14 15 18 CM Met  T=10Z

0 3 6 7 9 11 12 14 15 18 CM Met  T=10Z

0 1 2 6 7 9 13 14 15 18 CM Met  T=10Z

0 2 6 7 9 11 13 14 15 18 CM Met  T=10Z

0 1 6 7 9 12 13 14 15 18 CM Met  T=10Z

0 6 7 9 11 12 13 14 15 18 CM Met  T=10Z

0 1 2 3 4 5 7 9 16 18 CM Met  T=10Z

0 2 3 4 5 7 9 11 16 18 CM Met  T=10Z

0 1 3 4 5 7 9 12 16 18 CM Met  T=10Z

0 3 4 5 7 9 11 12 16 18 CM Met  T=10Z

0 1 2 4 5 7 9 13 16 18 CM Met  T=10Z

0 2 4 5 7 9 11 13 16 18 CM Met  T=10Z

0 1 4 5 7 9 12 13 16 18 CM Met  T=10Z

0 4 5 7 9 11 12 13 16 18 CM Met  T=10Z

0 1 2 3 5 7 9 14 16 18 CM Met  T=10Z

0 2 3 5 7 9 11 14 16 18 CM Met  T=10Z

0 1 3 5 7 9 12 14 16 18 CM Met  T=10Z

0 3 5 7 9 11 12 14 16 18 CM Met  T=10Z

0 1 2 5 7 9 13 14 16 18 CM Met  T=10Z

0 2 5 7 9 11 13 14 16 18 CM Met  T=10Z

0 1 5 7 9 12 13 14 16 18 CM Met  T=10Z

0 5 7 9 11 12 13 14 16 18 CM Met  T=10Z

0 1 2 3 4 7 9 15 16 18 CM Met  T=10Z

0 2 3 4 7 9 11 15 16 18 CM Met  T=10Z

0 1 3 4 7 9 12 15 16 18 CM Met  T=10Z

0 3 4 7 9 11 12 15 16 18 CM Met  T=10Z

0 1 2 4 7 9 13 15 16 18 CM Met  T=10Z

0 2 4 7 9 11 13 15 16 18 CM Met  T=10Z

0 1 4 7 9 12 13 15 16 18 CM Met  T=10Z

0 4 7 9 11 12 13 15 16 18 CM Met  T=10Z

0 1 2 3 7 9 14 15 16 18 CM Met  T=10Z

0 2 3 7 9 11 14 15 16 18 CM Met  T=10Z

0 1 3 7 9 12 14 15 16 18 CM Met  T=10Z

0 3 7 9 11 12 14 15 16 18 CM Met  T=10Z

0 1 2 7 9 13 14 15 16 18 CM Met  T=10Z

0 2 7 9 11 13 14 15 16 18 CM Met  T=10Z

0 1 7 9 12 13 14 15 16 18 CM Met  T=10Z

0 7 9 11 12 13 14 15 16 18 CM Met  T=10Z

0 1 2 3 4 5 6 9 17 18 CM Met  T=10Z

0 2 3 4 5 6 9 11 17 18 CM Met  T=10Z

0 1 3 4 5 6 9 12 17 18 CM Met  T=10Z

0 3 4 5 6 9 11 12 17 18 CM Met  T=10Z

0 1 2 4 5 6 9 13 17 18 CM Met  T=10Z

0 2 4 5 6 9 11 13 17 18 CM Met  T=10Z

0 1 4 5 6 9 12 13 17 18 CM Met  T=10Z

0 4 5 6 9 11 12 13 17 18 CM Met  T=10Z

0 1 2 3 5 6 9 14 17 18 CM Met  T=10Z

0 2 3 5 6 9 11 14 17 18 CM Met  T=10Z

0 1 3 5 6 9 12 14 17 18 CM Met  T=10Z

0 3 5 6 9 11 12 14 17 18 CM Met  T=10Z

0 1 2 5 6 9 13 14 17 18 CM Met  T=10Z

0 2 5 6 9 11 13 14 17 18 CM Met  T=10Z

0 1 5 6 9 12 13 14 17 18 CM Met  T=10Z

0 5 6 9 11 12 13 14 17 18 CM Met  T=10Z

0 1 2 3 4 6 9 15 17 18 CM Met  T=10Z

0 2 3 4 6 9 11 15 17 18 CM Met  T=10Z

0 1 3 4 6 9 12 15 17 18 CM Met  T=10Z

0 3 4 6 9 11 12 15 17 18 CM Met  T=10Z

0 1 2 4 6 9 13 15 17 18 CM Met  T=10Z

0 2 4 6 9 11 13 15 17 18 CM Met  T=10Z

0 1 4 6 9 12 13 15 17 18 CM Met  T=10Z

0 4 6 9 11 12 13 15 17 18 CM Met  T=10Z

0 1 2 3 6 9 14 15 17 18 CM Met  T=10Z

0 2 3 6 9 11 14 15 17 18 CM Met  T=10Z

0 1 3 6 9 12 14 15 17 18 CM Met  T=10Z

0 3 6 9 11 12 14 15 17 18 CM Met  T=10Z

0 1 2 6 9 13 14 15 17 18 CM Met  T=10Z

0 2 6 9 11 13 14 15 17 18 CM Met  T=10Z

0 1 6 9 12 13 14 15 17 18 CM Met  T=10Z

0 6 9 11 12 13 14 15 17 18 CM Met  T=10Z

0 1 2 3 4 5 9 16 17 18 CM Met  T=10Z

0 2 3 4 5 9 11 16 17 18 CM Met  T=10Z

0 1 3 4 5 9 12 16 17 18 CM Met  T=10Z

0 3 4 5 9 11 12 16 17 18 CM Met  T=10Z

0 1 2 4 5 9 13 16 17 18 CM Met  T=10Z

0 2 4 5 9 11 13 16 17 18 CM Met  T=10Z

0 1 4 5 9 12 13 16 17 18 CM Met  T=10Z

0 4 5 9 11 12 13 16 17 18 CM Met  T=10Z

0 1 2 3 5 9 14 16 17 18 CM Met  T=10Z

0 2 3 5 9 11 14 16 17 18 CM Met  T=10Z

0 1 3 5 9 12 14 16 17 18 CM Met  T=10Z

0 3 5 9 11 12 14 16 17 18 CM Met  T=10Z

0 1 2 5 9 13 14 16 17 18 CM Met  T=10Z

0 2 5 9 11 13 14 16 17 18 CM Met  T=10Z

0 1 5 9 12 13 14 16 17 18 CM Met  T=10Z

0 5 9 11 12 13 14 16 17 18 CM Met  T=10Z

0 1 2 3 4 9 15 16 17 18 CM Met  T=10Z

0 2 3 4 9 11 15 16 17 18 CM Met  T=10Z

0 1 3 4 9 12 15 16 17 18 CM Met  T=10Z

0 3 4 9 11 12 15 16 17 18 CM Met  T=10Z

0 1 2 4 9 13 15 16 17 18 CM Met  T=10Z

0 2 4 9 11 13 15 16 17 18 CM Met  T=10Z

0 1 4 9 12 13 15 16 17 18 CM Met  T=10Z

0 4 9 11 12 13 15 16 17 18 CM Met  T=10Z

0 1 2 3 9 14 15 16 17 18 CM Met  T=10Z

0 2 3 9 11 14 15 16 17 18 CM Met  T=10Z

0 1 3 9 12 14 15 16 17 18 CM Met  T=10Z

0 3 9 11 12 14 15 16 17 18 CM Met  T=10Z

0 1 2 9 13 14 15 16 17 18 CM Met  T=10Z

0 2 9 11 13 14 15 16 17 18 CM Met  T=10Z

0 1 9 12 13 14 15 16 17 18 CM Met  T=10Z

0 9 11 12 13 14 15 16 17 18 CM Met  T=10Z

0 1 2 3 4 5 6 7 8 19 CM Met  T=10Z

0 2 3 4 5 6 7 8 11 19 CM Met  T=10Z

0 1 3 4 5 6 7 8 12 19 CM Met  T=10Z

0 3 4 5 6 7 8 11 12 19 CM Met  T=10Z

0 1 2 4 5 6 7 8 13 19 CM Met  T=10Z

0 2 4 5 6 7 8 11 13 19 CM Met  T=10Z

0 1 4 5 6 7 8 12 13 19 CM Met  T=10Z

0 4 5 6 7 8 11 12 13 19 CM Met  T=10Z

0 1 2 3 5 6 7 8 14 19 CM Met  T=10Z

0 2 3 5 6 7 8 11 14 19 CM Met  T=10Z

0 1 3 5 6 7 8 12 14 19 CM Met  T=10Z

0 3 5 6 7 8 11 12 14 19 CM Met  T=10Z

0 1 2 5 6 7 8 13 14 19 CM Met  T=10Z

0 2 5 6 7 8 11 13 14 19 CM Met  T=10Z

0 1 5 6 7 8 12 13 14 19 CM Met  T=10Z

0 5 6 7 8 11 12 13 14 19 CM Met  T=10Z

0 1 2 3 4 6 7 8 15 19 CM Met  T=10Z

0 2 3 4 6 7 8 11 15 19 CM Met  T=10Z

0 1 3 4 6 7 8 12 15 19 CM Met  T=10Z

0 3 4 6 7 8 11 12 15 19 CM Met  T=10Z

0 1 2 4 6 7 8 13 15 19 CM Met  T=10Z

0 2 4 6 7 8 11 13 15 19 CM Met  T=10Z

0 1 4 6 7 8 12 13 15 19 CM Met  T=10Z

0 4 6 7 8 11 12 13 15 19 CM Met  T=10Z

0 1 2 3 6 7 8 14 15 19 CM Met  T=10Z

0 2 3 6 7 8 11 14 15 19 CM Met  T=10Z

0 1 3 6 7 8 12 14 15 19 CM Met  T=10Z

0 3 6 7 8 11 12 14 15 19 CM Met  T=10Z

0 1 2 6 7 8 13 14 15 19 CM Met  T=10Z

0 2 6 7 8 11 13 14 15 19 CM Met  T=10Z

0 1 6 7 8 12 13 14 15 19 CM Met  T=10Z

0 6 7 8 11 12 13 14 15 19 CM Met  T=10Z

0 1 2 3 4 5 7 8 16 19 CM Met  T=10Z

0 2 3 4 5 7 8 11 16 19 CM Met  T=10Z

0 1 3 4 5 7 8 12 16 19 CM Met  T=10Z

0 3 4 5 7 8 11 12 16 19 CM Met  T=10Z

0 1 2 4 5 7 8 13 16 19 CM Met  T=10Z

0 2 4 5 7 8 11 13 16 19 CM Met  T=10Z

0 1 4 5 7 8 12 13 16 19 CM Met  T=10Z

0 4 5 7 8 11 12 13 16 19 CM Met  T=10Z

0 1 2 3 5 7 8 14 16 19 CM Met  T=10Z

0 2 3 5 7 8 11 14 16 19 CM Met  T=10Z

0 1 3 5 7 8 12 14 16 19 CM Met  T=10Z

0 3 5 7 8 11 12 14 16 19 CM Met  T=10Z

0 1 2 5 7 8 13 14 16 19 CM Met  T=10Z

0 2 5 7 8 11 13 14 16 19 CM Met  T=10Z

0 1 5 7 8 12 13 14 16 19 CM Met  T=10Z

0 5 7 8 11 12 13 14 16 19 CM Met  T=10Z

0 1 2 3 4 7 8 15 16 19 CM Met  T=10Z

0 2 3 4 7 8 11 15 16 19 CM Met  T=10Z

0 1 3 4 7 8 12 15 16 19 CM Met  T=10Z

0 3 4 7 8 11 12 15 16 19 CM Met  T=10Z

0 1 2 4 7 8 13 15 16 19 CM Met  T=10Z

0 2 4 7 8 11 13 15 16 19 CM Met  T=10Z

0 1 4 7 8 12 13 15 16 19 CM Met  T=10Z

0 4 7 8 11 12 13 15 16 19 CM Met  T=10Z

0 1 2 3 7 8 14 15 16 19 CM Met  T=10Z

0 2 3 7 8 11 14 15 16 19 CM Met  T=10Z

0 1 3 7 8 12 14 15 16 19 CM Met  T=10Z

0 3 7 8 11 12 14 15 16 19 CM Met  T=10Z

0 1 2 7 8 13 14 15 16 19 CM Met  T=10Z

0 2 7 8 11 13 14 15 16 19 CM Met  T=10Z

0 1 7 8 12 13 14 15 16 19 CM Met  T=10Z

0 7 8 11 12 13 14 15 16 19 CM Met  T=10Z

0 1 2 3 4 5 6 8 17 19 CM Met  T=10Z

0 2 3 4 5 6 8 11 17 19 CM Met  T=10Z

0 1 3 4 5 6 8 12 17 19 CM Met  T=10Z

0 3 4 5 6 8 11 12 17 19 CM Met  T=10Z

0 1 2 4 5 6 8 13 17 19 CM Met  T=10Z

0 2 4 5 6 8 11 13 17 19 CM Met  T=10Z

0 1 4 5 6 8 12 13 17 19 CM Met  T=10Z

0 4 5 6 8 11 12 13 17 19 CM Met  T=10Z

0 1 2 3 5 6 8 14 17 19 CM Met  T=10Z

0 2 3 5 6 8 11 14 17 19 CM Met  T=10Z

0 1 3 5 6 8 12 14 17 19 CM Met  T=10Z

0 3 5 6 8 11 12 14 17 19 CM Met  T=10Z

0 1 2 5 6 8 13 14 17 19 CM Met  T=10Z

0 2 5 6 8 11 13 14 17 19 CM Met  T=10Z

0 1 5 6 8 12 13 14 17 19 CM Met  T=10Z

0 5 6 8 11 12 13 14 17 19 CM Met  T=10Z

0 1 2 3 4 6 8 15 17 19 CM Met  T=10Z

0 2 3 4 6 8 11 15 17 19 CM Met  T=10Z

0 1 3 4 6 8 12 15 17 19 CM Met  T=10Z

0 3 4 6 8 11 12 15 17 19 CM Met  T=10Z

0 1 2 4 6 8 13 15 17 19 CM Met  T=10Z

0 2 4 6 8 11 13 15 17 19 CM Met  T=10Z

0 1 4 6 8 12 13 15 17 19 CM Met  T=10Z

0 4 6 8 11 12 13 15 17 19 CM Met  T=10Z

0 1 2 3 6 8 14 15 17 19 CM Met  T=10Z

0 2 3 6 8 11 14 15 17 19 CM Met  T=10Z

0 1 3 6 8 12 14 15 17 19 CM Met  T=10Z

0 3 6 8 11 12 14 15 17 19 CM Met  T=10Z

0 1 2 6 8 13 14 15 17 19 CM Met  T=10Z

0 2 6 8 11 13 14 15 17 19 CM Met  T=10Z

0 1 6 8 12 13 14 15 17 19 CM Met  T=10Z

0 6 8 11 12 13 14 15 17 19 CM Met  T=10Z

0 1 2 3 4 5 8 16 17 19 CM Met  T=10Z

0 2 3 4 5 8 11 16 17 19 CM Met  T=10Z

0 1 3 4 5 8 12 16 17 19 CM Met  T=10Z

0 3 4 5 8 11 12 16 17 19 CM Met  T=10Z

0 1 2 4 5 8 13 16 17 19 CM Met  T=10Z

0 2 4 5 8 11 13 16 17 19 CM Met  T=10Z

0 1 4 5 8 12 13 16 17 19 CM Met  T=10Z

0 4 5 8 11 12 13 16 17 19 CM Met  T=10Z

0 1 2 3 5 8 14 16 17 19 CM Met  T=10Z

0 2 3 5 8 11 14 16 17 19 CM Met  T=10Z

0 1 3 5 8 12 14 16 17 19 CM Met  T=10Z

0 3 5 8 11 12 14 16 17 19 CM Met  T=10Z

0 1 2 5 8 13 14 16 17 19 CM Met  T=10Z

0 2 5 8 11 13 14 16 17 19 CM Met  T=10Z

0 1 5 8 12 13 14 16 17 19 CM Met  T=10Z

0 5 8 11 12 13 14 16 17 19 CM Met  T=10Z

0 1 2 3 4 8 15 16 17 19 CM Met  T=10Z

0 2 3 4 8 11 15 16 17 19 CM Met  T=10Z

0 1 3 4 8 12 15 16 17 19 CM Met  T=10Z

0 3 4 8 11 12 15 16 17 19 CM Met  T=10Z

0 1 2 4 8 13 15 16 17 19 CM Met  T=10Z

0 2 4 8 11 13 15 16 17 19 CM Met  T=10Z

0 1 4 8 12 13 15 16 17 19 CM Met  T=10Z

0 4 8 11 12 13 15 16 17 19 CM Met  T=10Z

0 1 2 3 8 14 15 16 17 19 CM Met  T=10Z

0 2 3 8 11 14 15 16 17 19 CM Met  T=10Z

0 1 3 8 12 14 15 16 17 19 CM Met  T=10Z

0 3 8 11 12 14 15 16 17 19 CM Met  T=10Z

0 1 2 8 13 14 15 16 17 19 CM Met  T=10Z

0 2 8 11 13 14 15 16 17 19 CM Met  T=10Z

0 1 8 12 13 14 15 16 17 19 CM Met  T=10Z

0 8 11 12 13 14 15 16 17 19 CM Met  T=10Z

0 1 2 3 4 5 6 7 18 19 CM Met  T=10Z

0 2 3 4 5 6 7 11 18 19 CM Met  T=10Z

0 1 3 4 5 6 7 12 18 19 CM Met  T=10Z

0 3 4 5 6 7 11 12 18 19 CM Met  T=10Z

0 1 2 4 5 6 7 13 18 19 CM Met  T=10Z

0 2 4 5 6 7 11 13 18 19 CM Met  T=10Z

0 1 4 5 6 7 12 13 18 19 CM Met  T=10Z

0 4 5 6 7 11 12 13 18 19 CM Met  T=10Z

0 1 2 3 5 6 7 14 18 19 CM Met  T=10Z

0 2 3 5 6 7 11 14 18 19 CM Met  T=10Z

0 1 3 5 6 7 12 14 18 19 CM Met  T=10Z

0 3 5 6 7 11 12 14 18 19 CM Met  T=10Z

0 1 2 5 6 7 13 14 18 19 CM Met  T=10Z

0 2 5 6 7 11 13 14 18 19 CM Met  T=10Z

0 1 5 6 7 12 13 14 18 19 CM Met  T=10Z

0 5 6 7 11 12 13 14 18 19 CM Met  T=10Z

0 1 2 3 4 6 7 15 18 19 CM Met  T=10Z

0 2 3 4 6 7 11 15 18 19 CM Met  T=10Z

0 1 3 4 6 7 12 15 18 19 CM Met  T=10Z

0 3 4 6 7 11 12 15 18 19 CM Met  T=10Z

0 1 2 4 6 7 13 15 18 19 CM Met  T=10Z

0 2 4 6 7 11 13 15 18 19 CM Met  T=10Z

0 1 4 6 7 12 13 15 18 19 CM Met  T=10Z

0 4 6 7 11 12 13 15 18 19 CM Met  T=10Z

0 1 2 3 6 7 14 15 18 19 CM Met  T=10Z

0 2 3 6 7 11 14 15 18 19 CM Met  T=10Z

0 1 3 6 7 12 14 15 18 19 CM Met  T=10Z

0 3 6 7 11 12 14 15 18 19 CM Met  T=10Z

0 1 2 6 7 13 14 15 18 19 CM Met  T=10Z

0 2 6 7 11 13 14 15 18 19 CM Met  T=10Z

0 1 6 7 12 13 14 15 18 19 CM Met  T=10Z

0 6 7 11 12 13 14 15 18 19 CM Met  T=10Z

0 1 2 3 4 5 7 16 18 19 CM Met  T=10Z

0 2 3 4 5 7 11 16 18 19 CM Met  T=10Z

0 1 3 4 5 7 12 16 18 19 CM Met  T=10Z

0 3 4 5 7 11 12 16 18 19 CM Met  T=10Z

0 1 2 4 5 7 13 16 18 19 CM Met  T=10Z

0 2 4 5 7 11 13 16 18 19 CM Met  T=10Z

0 1 4 5 7 12 13 16 18 19 CM Met  T=10Z

0 4 5 7 11 12 13 16 18 19 CM Met  T=10Z

0 1 2 3 5 7 14 16 18 19 CM Met  T=10Z

0 2 3 5 7 11 14 16 18 19 CM Met  T=10Z

0 1 3 5 7 12 14 16 18 19 CM Met  T=10Z

0 3 5 7 11 12 14 16 18 19 CM Met  T=10Z

0 1 2 5 7 13 14 16 18 19 CM Met  T=10Z

0 2 5 7 11 13 14 16 18 19 CM Met  T=10Z

0 1 5 7 12 13 14 16 18 19 CM Met  T=10Z

0 5 7 11 12 13 14 16 18 19 CM Met  T=10Z

0 1 2 3 4 7 15 16 18 19 CM Met  T=10Z

0 2 3 4 7 11 15 16 18 19 CM Met  T=10Z

0 1 3 4 7 12 15 16 18 19 CM Met  T=10Z

0 3 4 7 11 12 15 16 18 19 CM Met  T=10Z

0 1 2 4 7 13 15 16 18 19 CM Met  T=10Z

0 2 4 7 11 13 15 16 18 19 CM Met  T=10Z

0 1 4 7 12 13 15 16 18 19 CM Met  T=10Z

0 4 7 11 12 13 15 16 18 19 CM Met  T=10Z

0 1 2 3 7 14 15 16 18 19 CM Met  T=10Z

0 2 3 7 11 14 15 16 18 19 CM Met  T=10Z

0 1 3 7 12 14 15 16 18 19 CM Met  T=10Z

0 3 7 11 12 14 15 16 18 19 CM Met  T=10Z

0 1 2 7 13 14 15 16 18 19 CM Met  T=10Z

0 2 7 11 13 14 15 16 18 19 CM Met  T=10Z

0 1 7 12 13 14 15 16 18 19 CM Met  T=10Z

0 7 11 12 13 14 15 16 18 19 CM Met  T=10Z

0 1 2 3 4 5 6 17 18 19 CM Met  T=10Z

0 2 3 4 5 6 11 17 18 19 CM Met  T=10Z

0 1 3 4 5 6 12 17 18 19 CM Met  T=10Z

0 3 4 5 6 11 12 17 18 19 CM Met  T=10Z

0 1 2 4 5 6 13 17 18 19 CM Met  T=10Z

0 2 4 5 6 11 13 17 18 19 CM Met  T=10Z

0 1 4 5 6 12 13 17 18 19 CM Met  T=10Z

0 4 5 6 11 12 13 17 18 19 CM Met  T=10Z

0 1 2 3 5 6 14 17 18 19 CM Met  T=10Z

0 2 3 5 6 11 14 17 18 19 CM Met  T=10Z

0 1 3 5 6 12 14 17 18 19 CM Met  T=10Z

0 3 5 6 11 12 14 17 18 19 CM Met  T=10Z

0 1 2 5 6 13 14 17 18 19 CM Met  T=10Z

0 2 5 6 11 13 14 17 18 19 CM Met  T=10Z

0 1 5 6 12 13 14 17 18 19 CM Met  T=10Z

0 5 6 11 12 13 14 17 18 19 CM Met  T=10Z

0 1 2 3 4 6 15 17 18 19 CM Met  T=10Z

0 2 3 4 6 11 15 17 18 19 CM Met  T=10Z

0 1 3 4 6 12 15 17 18 19 CM Met  T=10Z

0 3 4 6 11 12 15 17 18 19 CM Met  T=10Z

0 1 2 4 6 13 15 17 18 19 CM Met  T=10Z

0 2 4 6 11 13 15 17 18 19 CM Met  T=10Z

0 1 4 6 12 13 15 17 18 19 CM Met  T=10Z

0 4 6 11 12 13 15 17 18 19 CM Met  T=10Z

0 1 2 3 6 14 15 17 18 19 CM Met  T=10Z

0 2 3 6 11 14 15 17 18 19 CM Met  T=10Z

0 1 3 6 12 14 15 17 18 19 CM Met  T=10Z

0 3 6 11 12 14 15 17 18 19 CM Met  T=10Z

0 1 2 6 13 14 15 17 18 19 CM Met  T=10Z

0 2 6 11 13 14 15 17 18 19 CM Met  T=10Z

0 1 6 12 13 14 15 17 18 19 CM Met  T=10Z

0 6 11 12 13 14 15 17 18 19 CM Met  T=10Z

0 1 2 3 4 5 16 17 18 19 CM Met  T=10Z

0 2 3 4 5 11 16 17 18 19 CM Met  T=10Z

0 1 3 4 5 12 16 17 18 19 CM Met  T=10Z

0 3 4 5 11 12 16 17 18 19 CM Met  T=10Z

0 1 2 4 5 13 16 17 18 19 CM Met  T=10Z

0 2 4 5 11 13 16 17 18 19 CM Met  T=10Z

0 1 4 5 12 13 16 17 18 19 CM Met  T=10Z

0 4 5 11 12 13 16 17 18 19 CM Met  T=10Z

0 1 2 3 5 14 16 17 18 19 CM Met  T=10Z

0 2 3 5 11 14 16 17 18 19 CM Met  T=10Z

0 1 3 5 12 14 16 17 18 19 CM Met  T=10Z

0 3 5 11 12 14 16 17 18 19 CM Met  T=10Z

0 1 2 5 13 14 16 17 18 19 CM Met  T=10Z

0 2 5 11 13 14 16 17 18 19 CM Met  T=10Z

0 1 5 12 13 14 16 17 18 19 CM Met  T=10Z

0 5 11 12 13 14 16 17 18 19 CM Met  T=10Z

0 1 2 3 4 15 16 17 18 19 CM Met  T=10Z

0 2 3 4 11 15 16 17 18 19 CM Met  T=10Z

0 1 3 4 12 15 16 17 18 19 CM Met  T=10Z

0 3 4 11 12 15 16 17 18 19 CM Met  T=10Z

0 1 2 4 13 15 16 17 18 19 CM Met  T=10Z

0 2 4 11 13 15 16 17 18 19 CM Met  T=10Z

0 1 4 12 13 15 16 17 18 19 CM Met  T=10Z

0 4 11 12 13 15 16 17 18 19 CM Met  T=10Z

0 1 2 3 14 15 16 17 18 19 CM Met  T=10Z

0 2 3 11 14 15 16 17 18 19 CM Met  T=10Z

0 1 3 12 14 15 16 17 18 19 CM Met  T=10Z

0 3 11 12 14 15 16 17 18 19 CM Met  T=10Z

0 1 2 13 14 15 16 17 18 19 CM Met  T=10Z

0 2 11 13 14 15 16 17 18 19 CM Met  T=10Z

0 1 12 13 14 15 16 17 18 19 CM Met  T=10Z

0 11 12 13 14 15 16 17 18 19 CM Met  T=10Z

  
 
0 1 4 7 8 10 11 14 17 18  has these rows that are the same: 
 
0 1 4 5 8 9 12 13 16 17 CM Met  T=10Z

0 3 4 7 8 11 12 15 16 19 CM Met  T=10Z

  
  
0 4 6 7 8 10 14 16 17 18  has these rows that are the same: 
 
0 1 4 5 8 9 12 13 16 17 CM Met  T=10Z

0 3 4 7 8 11 12 15 16 19 CM Met  T=10Z

  
  
0 1 2 3 9 10 11 12 13 19  has these rows that are the same: 
 
0 1 4 5 8 9 12 13 16 17 CM Met  T=10Z

0 3 4 7 8 11 12 15 16 19 CM Met  T=10Z

  
  
0 2 3 6 9 10 12 13 16 19  has these rows that are the same: 
 
0 1 4 5 8 9 12 13 16 17 CM Met  T=10Z

0 3 4 7 8 11 12 15 16 19 CM Met  T=10Z

  
  
0 3 4 7 8 11 12 15 16 19  has these rows that are the same: 
 
0 1 2 3 4 10 11 12 13 14 CM Met  T=20Z + {0 , 5}

0 2 3 4 6 10 12 13 14 16 CM Met  T=20Z + {0 , 5}

0 1 3 4 7 10 11 13 14 17 CM Met  T=20Z + {0 , 5}

0 3 4 6 7 10 13 14 16 17 CM Met  T=20Z + {0 , 5}

0 1 2 4 8 10 11 12 14 18 CM Met  T=20Z + {0 , 5}

0 2 4 6 8 10 12 14 16 18 CM Met  T=20Z + {0 , 5}

0 1 4 7 8 10 11 14 17 18 CM Met  T=20Z + {0 , 5}

0 4 6 7 8 10 14 16 17 18 CM Met  T=20Z + {0 , 5}

0 1 2 3 9 10 11 12 13 19 CM Met  T=20Z + {0 , 5}

0 2 3 6 9 10 12 13 16 19 CM Met  T=20Z + {0 , 5}

0 1 3 7 9 10 11 13 17 19 CM Met  T=20Z + {0 , 5}

0 3 6 7 9 10 13 16 17 19 CM Met  T=20Z + {0 , 5}

0 1 2 8 9 10 11 12 18 19 CM Met  T=20Z + {0 , 5}

0 2 6 8 9 10 12 16 18 19 CM Met  T=20Z + {0 , 5}

0 1 7 8 9 10 11 17 18 19 CM Met  T=20Z + {0 , 5}

0 6 7 8 9 10 16 17 18 19 CM Met  T=20Z + {0 , 5}

  
 
0 1 3 7 9 10 11 13 17 19  has these rows that are the same: 
 
0 1 4 5 8 9 12 13 16 17 CM Met  T=10Z

0 3 4 7 8 11 12 15 16 19 CM Met  T=10Z

  
  
0 3 6 7 9 10 13 16 17 19  has these rows that are the same: 
 
0 1 4 5 8 9 12 13 16 17 CM Met  T=10Z

0 3 4 7 8 11 12 15 16 19 CM Met  T=10Z

  
  
0 1 2 8 9 10 11 12 18 19  has these rows that are the same: 
 
0 1 4 5 8 9 12 13 16 17 CM Met  T=10Z

0 3 4 7 8 11 12 15 16 19 CM Met  T=10Z

  
  
0 2 6 8 9 10 12 16 18 19  has these rows that are the same: 
 
0 1 4 5 8 9 12 13 16 17 CM Met  T=10Z

0 3 4 7 8 11 12 15 16 19 CM Met  T=10Z

  
  
0 1 7 8 9 10 11 17 18 19  has these rows that are the same: 
 
0 1 4 5 8 9 12 13 16 17 CM Met  T=10Z

0 3 4 7 8 11 12 15 16 19 CM Met  T=10Z

  
  
0 6 7 8 9 10 16 17 18 19  has these rows that are the same: 
 
0 1 4 5 8 9 12 13 16 17 CM Met  T=10Z

0 3 4 7 8 11 12 15 16 19 CM Met  T=10Z

  
  
