 0     1
     0    11
     0     0
     0     3
     0    11
     0     0
     0     5
     0    11
     0     0
     0     7
     0    11
     0     0
     0     9
     0    11
     0     0
     0    11
     0     1
     0     0
     0    11
     0     3
     0     0
     0    11
     0     5
     0     0
     0    11
     0     7
     0     0
     0    11
     0     9
     0     0
     0    11
     0    11
     0     0
     0    11
     0    13
     0     0
     0    11
     0    15
     0     0
     0    11
     0    17
     0     0
     0    11
     0    19
     0     0
     0    11
     0    21
     0     0
     0    13
     0    11
     0     0
     0    15
     0    11
     0     0
     0    17
     0    11
     0     0
     0    19
     0    11
     0     0
     0    21
     0    11
     0     0